7.900000000000000000e+01
3.000000000000000000e+01
4.900000000000000000e+01
3.200000000000000000e+01
4.300000000000000000e+01
5.100000000000000000e+01
5.500000000000000000e+01
5.100000000000000000e+01
3.600000000000000000e+01
4.900000000000000000e+01
5.200000000000000000e+01
5.600000000000000000e+01
3.400000000000000000e+01
3.500000000000000000e+01
5.600000000000000000e+01
5.000000000000000000e+01
4.500000000000000000e+01
6.500000000000000000e+01
3.600000000000000000e+01
5.100000000000000000e+01
4.700000000000000000e+01
5.800000000000000000e+01
4.500000000000000000e+01
4.300000000000000000e+01
4.100000000000000000e+01
4.700000000000000000e+01
4.800000000000000000e+01
4.700000000000000000e+01
4.800000000000000000e+01
4.100000000000000000e+01
2.900000000000000000e+01
3.800000000000000000e+01
3.200000000000000000e+01
2.400000000000000000e+01
3.200000000000000000e+01
3.100000000000000000e+01
3.500000000000000000e+01
2.700000000000000000e+01
4.500000000000000000e+01
2.800000000000000000e+01
4.500000000000000000e+01
3.200000000000000000e+01
3.000000000000000000e+01
2.600000000000000000e+01
3.000000000000000000e+01
4.000000000000000000e+01
4.300000000000000000e+01
3.500000000000000000e+01
2.800000000000000000e+01
3.600000000000000000e+01
3.700000000000000000e+01
6.700000000000000000e+01
3.800000000000000000e+01
4.400000000000000000e+01
3.600000000000000000e+01
3.900000000000000000e+01
4.500000000000000000e+01
3.400000000000000000e+01
2.900000000000000000e+01
4.300000000000000000e+01
4.700000000000000000e+01
6.800000000000000000e+01
7.500000000000000000e+01
3.500000000000000000e+01
4.100000000000000000e+01
3.900000000000000000e+01
3.000000000000000000e+01
3.100000000000000000e+01
3.200000000000000000e+01
2.400000000000000000e+01
4.000000000000000000e+01
3.100000000000000000e+01
2.400000000000000000e+01
4.000000000000000000e+01
3.100000000000000000e+01
2.900000000000000000e+01
3.500000000000000000e+01
4.000000000000000000e+01
3.500000000000000000e+01
3.500000000000000000e+01
3.800000000000000000e+01
3.700000000000000000e+01
5.300000000000000000e+01
3.200000000000000000e+01
5.400000000000000000e+01
4.000000000000000000e+01
4.300000000000000000e+01
4.700000000000000000e+01
3.400000000000000000e+01
4.100000000000000000e+01
3.400000000000000000e+01
3.400000000000000000e+01
1.120000000000000000e+02
6.100000000000000000e+01
5.700000000000000000e+01
1.070000000000000000e+02
1.060000000000000000e+02
1.210000000000000000e+02
4.900000000000000000e+01
4.700000000000000000e+01
5.300000000000000000e+01
1.080000000000000000e+02
4.400000000000000000e+01
4.400000000000000000e+01
4.700000000000000000e+01
4.200000000000000000e+01
4.100000000000000000e+01
5.200000000000000000e+01
5.300000000000000000e+01
4.300000000000000000e+01
3.100000000000000000e+01
3.400000000000000000e+01
4.400000000000000000e+01
3.400000000000000000e+01
3.500000000000000000e+01
2.900000000000000000e+01
5.200000000000000000e+01
3.800000000000000000e+01
4.500000000000000000e+01
2.900000000000000000e+01
3.900000000000000000e+01
4.100000000000000000e+01
5.000000000000000000e+01
5.100000000000000000e+01
5.600000000000000000e+01
4.900000000000000000e+01
4.700000000000000000e+01
4.100000000000000000e+01
4.500000000000000000e+01
3.800000000000000000e+01
3.300000000000000000e+01
6.500000000000000000e+01
3.800000000000000000e+01
4.400000000000000000e+01
5.500000000000000000e+01
6.200000000000000000e+01
1.510000000000000000e+02
4.200000000000000000e+01
4.800000000000000000e+01
1.380000000000000000e+02
7.800000000000000000e+01
6.400000000000000000e+01
4.400000000000000000e+01
6.500000000000000000e+01
5.400000000000000000e+01
4.200000000000000000e+01
1.390000000000000000e+02
7.100000000000000000e+01
4.400000000000000000e+01
4.800000000000000000e+01
1.460000000000000000e+02
4.900000000000000000e+01
4.300000000000000000e+01
5.200000000000000000e+01
2.900000000000000000e+01
3.900000000000000000e+01
3.200000000000000000e+01
4.400000000000000000e+01
1.370000000000000000e+02
3.500000000000000000e+01
3.000000000000000000e+01
4.400000000000000000e+01
4.600000000000000000e+01
3.600000000000000000e+01
4.200000000000000000e+01
3.800000000000000000e+01
4.400000000000000000e+01
5.400000000000000000e+01
4.200000000000000000e+01
3.400000000000000000e+01
4.300000000000000000e+01
4.000000000000000000e+01
3.400000000000000000e+01
3.800000000000000000e+01
4.800000000000000000e+01
6.300000000000000000e+01
4.000000000000000000e+01
3.600000000000000000e+01
5.100000000000000000e+01
4.900000000000000000e+01
3.100000000000000000e+01
2.800000000000000000e+01
3.500000000000000000e+01
2.800000000000000000e+01
3.600000000000000000e+01
3.900000000000000000e+01
4.500000000000000000e+01
3.700000000000000000e+01
3.400000000000000000e+01
3.200000000000000000e+01
2.600000000000000000e+01
2.700000000000000000e+01
3.700000000000000000e+01
4.100000000000000000e+01
3.000000000000000000e+01
3.600000000000000000e+01
2.600000000000000000e+01
3.500000000000000000e+01
2.600000000000000000e+01
3.500000000000000000e+01
1.490000000000000000e+02
3.100000000000000000e+01
4.300000000000000000e+01
3.500000000000000000e+01
3.200000000000000000e+01
3.400000000000000000e+01
2.700000000000000000e+01
3.000000000000000000e+01
3.500000000000000000e+01
6.300000000000000000e+01
4.300000000000000000e+01
2.700000000000000000e+01
3.700000000000000000e+01
3.500000000000000000e+01
2.660000000000000000e+02
2.900000000000000000e+01
2.600000000000000000e+01
4.500000000000000000e+01
3.500000000000000000e+01
7.900000000000000000e+01
7.500000000000000000e+01
9.900000000000000000e+01
1.090000000000000000e+02
9.500000000000000000e+01
7.800000000000000000e+01
1.550000000000000000e+02
1.620000000000000000e+02
1.960000000000000000e+02
1.170000000000000000e+02
1.210000000000000000e+02
5.200000000000000000e+01
3.800000000000000000e+01
6.400000000000000000e+01
4.000000000000000000e+01
4.500000000000000000e+01
1.000000000000000000e+02
1.000000000000000000e+02
1.000000000000000000e+02
1.000000000000000000e+02
1.000000000000000000e+02
1.000000000000000000e+02
4.000000000000000000e+01
3.900000000000000000e+01
4.600000000000000000e+01
3.900000000000000000e+01
3.900000000000000000e+01
4.000000000000000000e+01
4.400000000000000000e+01
3.400000000000000000e+01
2.900000000000000000e+01
3.400000000000000000e+01
1.620000000000000000e+02
2.330000000000000000e+02
3.100000000000000000e+01
3.800000000000000000e+01
4.200000000000000000e+01
4.700000000000000000e+01
3.400000000000000000e+01
7.400000000000000000e+01
4.000000000000000000e+01
5.200000000000000000e+01
4.500000000000000000e+01
6.300000000000000000e+01
1.220000000000000000e+02
4.100000000000000000e+01
3.600000000000000000e+01
3.300000000000000000e+01
4.100000000000000000e+01
5.600000000000000000e+01
3.700000000000000000e+01
7.200000000000000000e+01
3.300000000000000000e+01
6.200000000000000000e+01
3.600000000000000000e+01
4.600000000000000000e+01
5.400000000000000000e+01
3.200000000000000000e+01
5.200000000000000000e+01
5.000000000000000000e+01
4.800000000000000000e+01
6.000000000000000000e+01
5.000000000000000000e+01
6.700000000000000000e+01
5.500000000000000000e+01
5.800000000000000000e+01
3.400000000000000000e+01
5.600000000000000000e+01
6.200000000000000000e+01
1.090000000000000000e+02
5.100000000000000000e+01
5.900000000000000000e+01
7.500000000000000000e+01
8.500000000000000000e+01
9.600000000000000000e+01
6.000000000000000000e+01
8.200000000000000000e+01
1.190000000000000000e+02
5.000000000000000000e+01
6.200000000000000000e+01
6.800000000000000000e+01
6.000000000000000000e+01
4.400000000000000000e+01
9.600000000000000000e+01
9.400000000000000000e+01
7.900000000000000000e+01
1.190000000000000000e+02
1.320000000000000000e+02
4.700000000000000000e+01
5.300000000000000000e+01
7.900000000000000000e+01
5.700000000000000000e+01
6.200000000000000000e+01
7.600000000000000000e+01
5.100000000000000000e+01
6.700000000000000000e+01
4.600000000000000000e+01
6.200000000000000000e+01
7.200000000000000000e+01
6.600000000000000000e+01
4.300000000000000000e+01
4.800000000000000000e+01
6.400000000000000000e+01
1.740000000000000000e+02
1.320000000000000000e+02
4.800000000000000000e+01
5.700000000000000000e+01
7.500000000000000000e+01
6.000000000000000000e+01
8.900000000000000000e+01
2.730000000000000000e+02
1.070000000000000000e+02
1.050000000000000000e+02
1.130000000000000000e+02
1.230000000000000000e+02
9.800000000000000000e+01
1.120000000000000000e+02
1.070000000000000000e+02
8.900000000000000000e+01
8.600000000000000000e+01
8.200000000000000000e+01
7.100000000000000000e+01
6.800000000000000000e+01
7.600000000000000000e+01
8.000000000000000000e+01
8.100000000000000000e+01
5.700000000000000000e+01
6.100000000000000000e+01
5.900000000000000000e+01
6.600000000000000000e+01
1.200000000000000000e+02
6.200000000000000000e+01
6.400000000000000000e+01
4.800000000000000000e+01
1.510000000000000000e+02
4.100000000000000000e+01
1.350000000000000000e+02
2.310000000000000000e+02
5.500000000000000000e+01
5.100000000000000000e+01
7.300000000000000000e+01
5.500000000000000000e+01
6.800000000000000000e+01
1.940000000000000000e+02
1.170000000000000000e+02
1.480000000000000000e+02
5.900000000000000000e+01
4.500000000000000000e+01
4.600000000000000000e+01
1.420000000000000000e+02
1.170000000000000000e+02
5.600000000000000000e+01
5.100000000000000000e+01
4.200000000000000000e+01
6.400000000000000000e+01
7.200000000000000000e+01
3.900000000000000000e+01
4.600000000000000000e+01
3.900000000000000000e+01
6.400000000000000000e+01
5.600000000000000000e+01
5.100000000000000000e+01
1.570000000000000000e+02
4.100000000000000000e+01
6.300000000000000000e+01
1.090000000000000000e+02
6.300000000000000000e+01
8.100000000000000000e+01
1.910000000000000000e+02
2.380000000000000000e+02
8.900000000000000000e+01
7.600000000000000000e+01
1.070000000000000000e+02
6.500000000000000000e+01
7.500000000000000000e+01
7.100000000000000000e+01
6.400000000000000000e+01
7.000000000000000000e+01
1.330000000000000000e+02
1.040000000000000000e+02
5.800000000000000000e+01
6.500000000000000000e+01
4.400000000000000000e+01
5.700000000000000000e+01
5.600000000000000000e+01
5.400000000000000000e+01
6.100000000000000000e+01
5.000000000000000000e+01
4.500000000000000000e+01
6.700000000000000000e+01
7.700000000000000000e+01
6.500000000000000000e+01
5.900000000000000000e+01
5.900000000000000000e+01
5.600000000000000000e+01
5.100000000000000000e+01
5.000000000000000000e+01
6.000000000000000000e+01
4.100000000000000000e+01
5.100000000000000000e+01
7.800000000000000000e+01
9.000000000000000000e+01
6.800000000000000000e+01
6.700000000000000000e+01
4.700000000000000000e+01
6.900000000000000000e+01
8.300000000000000000e+01
8.900000000000000000e+01
5.300000000000000000e+01
7.600000000000000000e+01
6.700000000000000000e+01
8.900000000000000000e+01
7.000000000000000000e+01
3.300000000000000000e+01
5.700000000000000000e+01
5.200000000000000000e+01
4.200000000000000000e+01
7.500000000000000000e+01
7.300000000000000000e+01
7.000000000000000000e+01
3.700000000000000000e+01
6.600000000000000000e+01
1.600000000000000000e+02
8.300000000000000000e+01
6.800000000000000000e+01
7.000000000000000000e+01
9.400000000000000000e+01
1.730000000000000000e+02
5.900000000000000000e+01
1.680000000000000000e+02
6.800000000000000000e+01
1.280000000000000000e+02
8.300000000000000000e+01
7.700000000000000000e+01
5.800000000000000000e+01
8.100000000000000000e+01
2.880000000000000000e+02
1.480000000000000000e+02
1.320000000000000000e+02
1.240000000000000000e+02
2.230000000000000000e+02
9.600000000000000000e+01
2.290000000000000000e+02
1.410000000000000000e+02
7.400000000000000000e+01
8.500000000000000000e+01
7.900000000000000000e+01
8.200000000000000000e+01
1.890000000000000000e+02
2.180000000000000000e+02
5.190000000000000000e+02
3.860000000000000000e+02
1.930000000000000000e+02
1.020000000000000000e+02
2.040000000000000000e+02
7.900000000000000000e+01
5.400000000000000000e+01
1.270000000000000000e+02
9.600000000000000000e+01
6.300000000000000000e+01
8.500000000000000000e+01
6.100000000000000000e+01
1.070000000000000000e+02
1.100000000000000000e+02
9.600000000000000000e+01
1.440000000000000000e+02
1.210000000000000000e+02
6.700000000000000000e+01
6.800000000000000000e+01
6.500000000000000000e+01
7.100000000000000000e+01
7.400000000000000000e+01
2.120000000000000000e+02
6.500000000000000000e+01
7.600000000000000000e+01
1.970000000000000000e+02
1.030000000000000000e+02
1.590000000000000000e+02
1.060000000000000000e+02
2.080000000000000000e+02
8.900000000000000000e+01
1.060000000000000000e+02
5.600000000000000000e+01
1.280000000000000000e+02
4.120000000000000000e+02
6.400000000000000000e+01
6.400000000000000000e+01
7.900000000000000000e+01
7.700000000000000000e+01
6.000000000000000000e+01
8.000000000000000000e+01
1.340000000000000000e+02
1.890000000000000000e+02
1.600000000000000000e+02
7.000000000000000000e+01
1.870000000000000000e+02
1.360000000000000000e+02
7.900000000000000000e+01
7.800000000000000000e+01
6.500000000000000000e+01
7.800000000000000000e+01
1.000000000000000000e+02
8.500000000000000000e+01
8.400000000000000000e+01
6.500000000000000000e+01
9.700000000000000000e+01
8.700000000000000000e+01
6.300000000000000000e+01
1.200000000000000000e+02
7.600000000000000000e+01
7.200000000000000000e+01
9.300000000000000000e+01
1.670000000000000000e+02
1.450000000000000000e+02
1.530000000000000000e+02
7.800000000000000000e+01
8.600000000000000000e+01
7.700000000000000000e+01
7.900000000000000000e+01
9.400000000000000000e+01
6.900000000000000000e+01
8.800000000000000000e+01
1.420000000000000000e+02
1.050000000000000000e+02
1.030000000000000000e+02
9.300000000000000000e+01
1.160000000000000000e+02
5.600000000000000000e+01
6.500000000000000000e+01
9.500000000000000000e+01
5.900000000000000000e+01
8.700000000000000000e+01
9.600000000000000000e+01
8.700000000000000000e+01
6.900000000000000000e+01
7.200000000000000000e+01
6.600000000000000000e+01
9.400000000000000000e+01
8.100000000000000000e+01
5.900000000000000000e+01
7.500000000000000000e+01
7.600000000000000000e+01
8.100000000000000000e+01
9.700000000000000000e+01
7.200000000000000000e+01
6.600000000000000000e+01
7.300000000000000000e+01
6.400000000000000000e+01
4.500000000000000000e+01
8.700000000000000000e+01
9.500000000000000000e+01
7.900000000000000000e+01
5.400000000000000000e+01
1.240000000000000000e+02
5.200000000000000000e+01
6.400000000000000000e+01
9.500000000000000000e+01
9.000000000000000000e+01
7.500000000000000000e+01
6.700000000000000000e+01
9.400000000000000000e+01
1.660000000000000000e+02
1.560000000000000000e+02
7.500000000000000000e+01
7.600000000000000000e+01
3.800000000000000000e+01
1.120000000000000000e+02
1.080000000000000000e+02
2.540000000000000000e+02
1.150000000000000000e+02
7.000000000000000000e+01
3.860000000000000000e+02
2.010000000000000000e+02
7.800000000000000000e+01
5.900000000000000000e+01
7.500000000000000000e+01
1.080000000000000000e+02
7.900000000000000000e+01
1.690000000000000000e+02
1.120000000000000000e+02
1.380000000000000000e+02
1.510000000000000000e+02
1.590000000000000000e+02
2.010000000000000000e+02
2.220000000000000000e+02
7.500000000000000000e+01
1.010000000000000000e+02
8.500000000000000000e+01
3.820000000000000000e+02
6.300000000000000000e+02
2.320000000000000000e+02
6.900000000000000000e+01
6.300000000000000000e+01
1.980000000000000000e+02
1.330000000000000000e+02
1.960000000000000000e+02
1.330000000000000000e+02
1.540000000000000000e+02
1.710000000000000000e+02
1.250000000000000000e+02
1.500000000000000000e+02
1.270000000000000000e+02
2.690000000000000000e+02
2.410000000000000000e+02
3.000000000000000000e+02
2.270000000000000000e+02
1.580000000000000000e+02
1.670000000000000000e+02
2.630000000000000000e+02
1.440000000000000000e+02
1.950000000000000000e+02
1.050000000000000000e+02
1.960000000000000000e+02
1.190000000000000000e+02
9.400000000000000000e+01
9.900000000000000000e+01
1.020000000000000000e+02
1.470000000000000000e+02
1.490000000000000000e+02
1.200000000000000000e+02
2.850000000000000000e+02
3.380000000000000000e+02
1.200000000000000000e+02
9.400000000000000000e+01
1.540000000000000000e+02
6.970000000000000000e+02
5.640000000000000000e+02
1.040000000000000000e+02
1.500000000000000000e+02
7.900000000000000000e+01
8.800000000000000000e+01
7.900000000000000000e+01
1.090000000000000000e+02
2.230000000000000000e+02
1.120000000000000000e+02
1.710000000000000000e+02
1.040000000000000000e+02
1.000000000000000000e+02
1.420000000000000000e+02
9.500000000000000000e+01
9.400000000000000000e+01
6.500000000000000000e+01
2.040000000000000000e+02
2.650000000000000000e+02
2.040000000000000000e+02
1.710000000000000000e+02
1.150000000000000000e+02
9.600000000000000000e+01
6.100000000000000000e+01
6.300000000000000000e+01
6.500000000000000000e+01
1.020000000000000000e+02
1.020000000000000000e+02
8.400000000000000000e+01
7.000000000000000000e+01
9.900000000000000000e+01
5.500000000000000000e+01
9.500000000000000000e+01
1.130000000000000000e+02
8.000000000000000000e+01
8.200000000000000000e+01
6.500000000000000000e+01
9.500000000000000000e+01
1.020000000000000000e+02
1.310000000000000000e+02
7.000000000000000000e+01
8.100000000000000000e+01
9.300000000000000000e+01
7.500000000000000000e+01
1.080000000000000000e+02
1.380000000000000000e+02
9.900000000000000000e+01
8.000000000000000000e+01
3.510000000000000000e+02
6.180000000000000000e+02
8.530000000000000000e+02
2.550000000000000000e+02
4.150000000000000000e+02
8.650000000000000000e+02
7.210000000000000000e+02
7.590000000000000000e+02
6.160000000000000000e+02
1.460000000000000000e+02
6.970000000000000000e+02
1.000000000000000000e+01
3.360000000000000000e+02
9.000000000000000000e+01
1.880000000000000000e+02
2.670000000000000000e+02
2.310000000000000000e+02
2.710000000000000000e+02
4.930000000000000000e+02
3.930000000000000000e+02
3.400000000000000000e+02
4.270000000000000000e+02
2.910000000000000000e+02
2.040000000000000000e+02
3.500000000000000000e+02
7.310000000000000000e+02
9.510000000000000000e+02
2.260000000000000000e+02
2.280000000000000000e+02
1.440000000000000000e+02
3.330000000000000000e+02
7.240000000000000000e+02
2.500000000000000000e+02
4.180000000000000000e+02
1.560000000000000000e+02
1.140000000000000000e+02
1.320000000000000000e+02
1.530000000000000000e+02
2.100000000000000000e+02
2.130000000000000000e+02
1.270000000000000000e+02
3.050000000000000000e+02
2.290000000000000000e+02
1.300000000000000000e+02
1.310000000000000000e+02
1.470000000000000000e+02
1.900000000000000000e+02
2.340000000000000000e+02
2.460000000000000000e+02
2.390000000000000000e+02
1.880000000000000000e+02
2.140000000000000000e+02
2.690000000000000000e+02
2.130000000000000000e+02
1.860000000000000000e+02
1.940000000000000000e+02
1.950000000000000000e+02
4.400000000000000000e+01
4.400000000000000000e+01
6.000000000000000000e+01
2.290000000000000000e+02
4.000000000000000000e+01
4.500000000000000000e+01
1.270000000000000000e+02
1.290000000000000000e+02
6.700000000000000000e+01
3.500000000000000000e+01
3.200000000000000000e+01
3.300000000000000000e+01
3.200000000000000000e+01
2.400000000000000000e+01
1.040000000000000000e+02
3.500000000000000000e+01
3.600000000000000000e+01
5.500000000000000000e+01
2.600000000000000000e+01
2.400000000000000000e+01
4.000000000000000000e+01
4.500000000000000000e+01
4.900000000000000000e+01
3.900000000000000000e+01
4.400000000000000000e+01
3.400000000000000000e+01
4.200000000000000000e+01
2.800000000000000000e+01
5.800000000000000000e+01
4.800000000000000000e+01
4.600000000000000000e+01
3.600000000000000000e+01
3.700000000000000000e+01
3.800000000000000000e+01
4.500000000000000000e+01
3.100000000000000000e+01
4.300000000000000000e+01
1.050000000000000000e+02
3.400000000000000000e+01
3.600000000000000000e+01
3.300000000000000000e+01
7.600000000000000000e+01
3.100000000000000000e+01
3.500000000000000000e+01
3.300000000000000000e+01
4.800000000000000000e+01
5.600000000000000000e+01
3.100000000000000000e+01
3.200000000000000000e+01
3.300000000000000000e+01
4.400000000000000000e+01
4.400000000000000000e+01
3.500000000000000000e+01
4.300000000000000000e+01
4.200000000000000000e+01
3.600000000000000000e+01
4.200000000000000000e+01
3.500000000000000000e+01
4.100000000000000000e+01
4.400000000000000000e+01
3.600000000000000000e+01
4.200000000000000000e+01
2.900000000000000000e+01
3.100000000000000000e+01
3.100000000000000000e+01
3.200000000000000000e+01
2.600000000000000000e+01
3.400000000000000000e+01
3.100000000000000000e+01
3.400000000000000000e+01
2.400000000000000000e+01
4.600000000000000000e+01
3.600000000000000000e+01
8.800000000000000000e+01
3.300000000000000000e+01
3.600000000000000000e+01
3.400000000000000000e+01
2.900000000000000000e+01
4.100000000000000000e+01
2.700000000000000000e+01
2.400000000000000000e+01
2.400000000000000000e+01
2.500000000000000000e+01
2.400000000000000000e+01
2.600000000000000000e+01
2.600000000000000000e+01
2.400000000000000000e+01
2.400000000000000000e+01
2.900000000000000000e+01
2.400000000000000000e+01
2.700000000000000000e+01
3.200000000000000000e+01
3.900000000000000000e+01
3.800000000000000000e+01
3.600000000000000000e+01
2.400000000000000000e+01
2.400000000000000000e+01
2.700000000000000000e+01
2.400000000000000000e+01
3.800000000000000000e+01
2.900000000000000000e+01
2.900000000000000000e+01
2.400000000000000000e+01
2.700000000000000000e+01
3.200000000000000000e+01
2.800000000000000000e+01
3.200000000000000000e+01
2.700000000000000000e+01
3.200000000000000000e+01
2.900000000000000000e+01
3.500000000000000000e+01
2.600000000000000000e+01
4.100000000000000000e+01
3.500000000000000000e+01
3.100000000000000000e+01
3.400000000000000000e+01
2.700000000000000000e+01
3.300000000000000000e+01
3.100000000000000000e+01
3.000000000000000000e+01
2.900000000000000000e+01
4.000000000000000000e+01
5.700000000000000000e+01
4.100000000000000000e+01
4.200000000000000000e+01
4.200000000000000000e+01
3.600000000000000000e+01
3.400000000000000000e+01
3.400000000000000000e+01
2.600000000000000000e+01
2.500000000000000000e+01
3.300000000000000000e+01
4.000000000000000000e+01
3.700000000000000000e+01
3.100000000000000000e+01
3.400000000000000000e+01
2.400000000000000000e+01
2.800000000000000000e+01
4.600000000000000000e+01
4.000000000000000000e+01
4.400000000000000000e+01
2.600000000000000000e+01
3.600000000000000000e+01
4.400000000000000000e+01
5.500000000000000000e+01
5.900000000000000000e+01
2.400000000000000000e+01
2.400000000000000000e+01
3.000000000000000000e+01
3.200000000000000000e+01
3.200000000000000000e+01
3.600000000000000000e+01
3.200000000000000000e+01
3.400000000000000000e+01
5.200000000000000000e+01
4.100000000000000000e+01
4.000000000000000000e+01
3.300000000000000000e+01
3.400000000000000000e+01
2.900000000000000000e+01
4.300000000000000000e+01
2.800000000000000000e+01
4.300000000000000000e+01
4.400000000000000000e+01
4.500000000000000000e+01
4.900000000000000000e+01
3.000000000000000000e+01
3.700000000000000000e+01
4.900000000000000000e+01
3.100000000000000000e+01
3.800000000000000000e+01
3.900000000000000000e+01
4.200000000000000000e+01
3.400000000000000000e+01
3.900000000000000000e+01
3.100000000000000000e+01
3.800000000000000000e+01
2.600000000000000000e+01
3.600000000000000000e+01
4.000000000000000000e+01
3.300000000000000000e+01
2.800000000000000000e+01
5.800000000000000000e+01
9.900000000000000000e+01
1.040000000000000000e+02
6.800000000000000000e+01
6.100000000000000000e+01
3.600000000000000000e+01
3.300000000000000000e+01
4.000000000000000000e+01
3.100000000000000000e+01
3.900000000000000000e+01
4.200000000000000000e+01
3.200000000000000000e+01
2.600000000000000000e+01
3.500000000000000000e+01
2.400000000000000000e+01
2.500000000000000000e+01
2.500000000000000000e+01
3.500000000000000000e+01
4.500000000000000000e+01
3.800000000000000000e+01
3.000000000000000000e+01
2.900000000000000000e+01
2.800000000000000000e+01
4.400000000000000000e+01
3.200000000000000000e+01
3.500000000000000000e+01
2.400000000000000000e+01
4.100000000000000000e+01
4.300000000000000000e+01
4.000000000000000000e+01
3.300000000000000000e+01
5.400000000000000000e+01
3.400000000000000000e+01
5.400000000000000000e+01
5.100000000000000000e+01
3.100000000000000000e+01
3.900000000000000000e+01
4.400000000000000000e+01
3.500000000000000000e+01
5.100000000000000000e+01
4.700000000000000000e+01
5.300000000000000000e+01
3.000000000000000000e+01
5.200000000000000000e+01
4.600000000000000000e+01
3.700000000000000000e+01
4.200000000000000000e+01
4.400000000000000000e+01
2.500000000000000000e+01
3.200000000000000000e+01
3.400000000000000000e+01
2.600000000000000000e+01
3.000000000000000000e+01
3.300000000000000000e+01
4.800000000000000000e+01
2.400000000000000000e+01
3.500000000000000000e+01
2.800000000000000000e+01
2.400000000000000000e+01
2.800000000000000000e+01
3.300000000000000000e+01
2.400000000000000000e+01
2.900000000000000000e+01
4.700000000000000000e+01
4.500000000000000000e+01
3.200000000000000000e+01
3.400000000000000000e+01
4.800000000000000000e+01
3.700000000000000000e+01
4.200000000000000000e+01
4.700000000000000000e+01
4.700000000000000000e+01
3.900000000000000000e+01
4.300000000000000000e+01
4.400000000000000000e+01
4.000000000000000000e+01
4.100000000000000000e+01
3.800000000000000000e+01
4.900000000000000000e+01
3.000000000000000000e+01
4.400000000000000000e+01
6.600000000000000000e+01
4.800000000000000000e+01
4.800000000000000000e+01
3.400000000000000000e+01
3.100000000000000000e+01
6.600000000000000000e+01
7.900000000000000000e+01
6.700000000000000000e+01
3.100000000000000000e+01
3.100000000000000000e+01
3.500000000000000000e+01
4.400000000000000000e+01
3.400000000000000000e+01
3.100000000000000000e+01
3.800000000000000000e+01
4.000000000000000000e+01
6.800000000000000000e+01
4.900000000000000000e+01
4.200000000000000000e+01
6.700000000000000000e+01
4.700000000000000000e+01
5.900000000000000000e+01
4.600000000000000000e+01
5.700000000000000000e+01
5.900000000000000000e+01
6.700000000000000000e+01
5.900000000000000000e+01
6.000000000000000000e+01
4.900000000000000000e+01
3.000000000000000000e+01
6.200000000000000000e+01
7.700000000000000000e+01
7.900000000000000000e+01
7.600000000000000000e+01
4.700000000000000000e+01
5.400000000000000000e+01
5.500000000000000000e+01
6.800000000000000000e+01
7.000000000000000000e+01
4.500000000000000000e+01
5.700000000000000000e+01
4.900000000000000000e+01
3.900000000000000000e+01
5.200000000000000000e+01
6.000000000000000000e+01
5.400000000000000000e+01
4.500000000000000000e+01
5.800000000000000000e+01
4.900000000000000000e+01
5.100000000000000000e+01
5.600000000000000000e+01
4.800000000000000000e+01
4.500000000000000000e+01
4.900000000000000000e+01
4.600000000000000000e+01
5.600000000000000000e+01
4.800000000000000000e+01
4.800000000000000000e+01
5.200000000000000000e+01
5.300000000000000000e+01
6.100000000000000000e+01
5.300000000000000000e+01
4.600000000000000000e+01
4.300000000000000000e+01
5.200000000000000000e+01
5.100000000000000000e+01
5.200000000000000000e+01
6.300000000000000000e+01
4.800000000000000000e+01
4.300000000000000000e+01
6.100000000000000000e+01
5.400000000000000000e+01
5.100000000000000000e+01
4.700000000000000000e+01
5.000000000000000000e+01
7.100000000000000000e+01
6.700000000000000000e+01
7.200000000000000000e+01
5.600000000000000000e+01
5.400000000000000000e+01
6.300000000000000000e+01
7.900000000000000000e+01
6.600000000000000000e+01
7.400000000000000000e+01
7.700000000000000000e+01
7.700000000000000000e+01
4.800000000000000000e+01
4.200000000000000000e+01
5.100000000000000000e+01
4.400000000000000000e+01
6.000000000000000000e+01
3.800000000000000000e+01
3.700000000000000000e+01
3.600000000000000000e+01
4.300000000000000000e+01
5.000000000000000000e+01
3.800000000000000000e+01
4.200000000000000000e+01
4.600000000000000000e+01
4.000000000000000000e+01
3.900000000000000000e+01
4.200000000000000000e+01
1.100000000000000000e+02
4.000000000000000000e+01
4.200000000000000000e+01
5.200000000000000000e+01
6.100000000000000000e+01
4.300000000000000000e+01
4.800000000000000000e+01
4.800000000000000000e+01
3.400000000000000000e+01
5.000000000000000000e+01
5.300000000000000000e+01
5.600000000000000000e+01
1.220000000000000000e+02
6.400000000000000000e+01
4.500000000000000000e+01
5.300000000000000000e+01
5.400000000000000000e+01
5.000000000000000000e+01
6.900000000000000000e+01
5.500000000000000000e+01
6.400000000000000000e+01
4.700000000000000000e+01
5.800000000000000000e+01
3.700000000000000000e+01
6.700000000000000000e+01
4.700000000000000000e+01
6.200000000000000000e+01
6.100000000000000000e+01
6.200000000000000000e+01
8.100000000000000000e+01
8.100000000000000000e+01
6.800000000000000000e+01
6.100000000000000000e+01
7.400000000000000000e+01
6.000000000000000000e+01
6.900000000000000000e+01
6.600000000000000000e+01
5.300000000000000000e+01
8.700000000000000000e+01
5.200000000000000000e+01
5.800000000000000000e+01
6.400000000000000000e+01
4.700000000000000000e+01
5.700000000000000000e+01
5.000000000000000000e+01
5.800000000000000000e+01
5.300000000000000000e+01
5.800000000000000000e+01
5.000000000000000000e+01
5.200000000000000000e+01
5.700000000000000000e+01
4.900000000000000000e+01
4.400000000000000000e+01
6.400000000000000000e+01
4.700000000000000000e+01
6.300000000000000000e+01
5.300000000000000000e+01
4.600000000000000000e+01
3.900000000000000000e+01
4.800000000000000000e+01
5.600000000000000000e+01
4.700000000000000000e+01
5.600000000000000000e+01
4.600000000000000000e+01
1.060000000000000000e+02
5.100000000000000000e+01
4.100000000000000000e+01
3.600000000000000000e+01
3.400000000000000000e+01
8.600000000000000000e+01
2.700000000000000000e+01
4.000000000000000000e+01
6.500000000000000000e+01
6.000000000000000000e+01
3.800000000000000000e+01
4.000000000000000000e+01
3.500000000000000000e+01
3.700000000000000000e+01
3.800000000000000000e+01
5.300000000000000000e+01
4.800000000000000000e+01
5.000000000000000000e+01
2.900000000000000000e+01
4.100000000000000000e+01
3.400000000000000000e+01
6.900000000000000000e+01
2.800000000000000000e+01
4.100000000000000000e+01
3.600000000000000000e+01
2.150000000000000000e+02
3.200000000000000000e+01
3.300000000000000000e+01
4.500000000000000000e+01
3.200000000000000000e+01
3.600000000000000000e+01
3.900000000000000000e+01
3.500000000000000000e+01
3.600000000000000000e+01
4.300000000000000000e+01
3.800000000000000000e+01
3.000000000000000000e+01
3.500000000000000000e+01
3.900000000000000000e+01
3.700000000000000000e+01
3.500000000000000000e+01
3.300000000000000000e+01
3.200000000000000000e+01
3.500000000000000000e+01
3.700000000000000000e+01
3.300000000000000000e+01
3.600000000000000000e+01
3.400000000000000000e+01
3.300000000000000000e+01
3.100000000000000000e+01
3.500000000000000000e+01
5.100000000000000000e+01
5.000000000000000000e+01
4.100000000000000000e+01
4.400000000000000000e+01
3.400000000000000000e+01
3.500000000000000000e+01
3.400000000000000000e+01
3.400000000000000000e+01
3.400000000000000000e+01
3.600000000000000000e+01
3.600000000000000000e+01
4.400000000000000000e+01
3.800000000000000000e+01
3.400000000000000000e+01
4.200000000000000000e+01
3.800000000000000000e+01
7.800000000000000000e+01
3.400000000000000000e+01
3.000000000000000000e+01
3.700000000000000000e+01
5.000000000000000000e+01
3.400000000000000000e+01
3.000000000000000000e+01
3.300000000000000000e+01
3.100000000000000000e+01
2.500000000000000000e+01
3.100000000000000000e+01
4.200000000000000000e+01
4.100000000000000000e+01
3.800000000000000000e+01
6.500000000000000000e+01
3.400000000000000000e+01
3.100000000000000000e+01
9.300000000000000000e+01
5.400000000000000000e+01
7.000000000000000000e+01
3.900000000000000000e+01
2.900000000000000000e+01
4.400000000000000000e+01
8.400000000000000000e+01
6.800000000000000000e+01
6.200000000000000000e+01
8.300000000000000000e+01
7.100000000000000000e+01
6.000000000000000000e+01
4.900000000000000000e+01
7.600000000000000000e+01
5.800000000000000000e+01
5.700000000000000000e+01
8.400000000000000000e+01
1.160000000000000000e+02
1.180000000000000000e+02
1.000000000000000000e+02
9.100000000000000000e+01
6.200000000000000000e+01
5.100000000000000000e+01
4.900000000000000000e+01
4.200000000000000000e+01
3.700000000000000000e+01
4.000000000000000000e+01
5.400000000000000000e+01
4.400000000000000000e+01
5.200000000000000000e+01
4.200000000000000000e+01
5.300000000000000000e+01
4.700000000000000000e+01
5.600000000000000000e+01
6.000000000000000000e+01
3.700000000000000000e+01
1.390000000000000000e+02
4.900000000000000000e+01
4.200000000000000000e+01
9.400000000000000000e+01
4.600000000000000000e+01
4.300000000000000000e+01
6.400000000000000000e+01
6.300000000000000000e+01
4.300000000000000000e+01
1.830000000000000000e+02
7.200000000000000000e+01
5.500000000000000000e+01
5.600000000000000000e+01
5.100000000000000000e+01
5.400000000000000000e+01
8.600000000000000000e+01
1.060000000000000000e+02
6.400000000000000000e+01
8.300000000000000000e+01
5.300000000000000000e+01
5.400000000000000000e+01
6.000000000000000000e+01
5.400000000000000000e+01
5.300000000000000000e+01
6.000000000000000000e+01
7.600000000000000000e+01
6.200000000000000000e+01
8.300000000000000000e+01
3.080000000000000000e+02
5.200000000000000000e+01
5.000000000000000000e+01
5.300000000000000000e+01
5.900000000000000000e+01
6.500000000000000000e+01
3.700000000000000000e+01
3.500000000000000000e+01
3.600000000000000000e+01
4.400000000000000000e+01
3.200000000000000000e+01
2.600000000000000000e+01
3.400000000000000000e+01
2.400000000000000000e+01
2.700000000000000000e+01
2.500000000000000000e+01
3.000000000000000000e+01
4.800000000000000000e+01
2.700000000000000000e+01
3.900000000000000000e+01
2.600000000000000000e+01
2.900000000000000000e+01
2.700000000000000000e+01
3.200000000000000000e+01
3.300000000000000000e+01
2.400000000000000000e+01
2.400000000000000000e+01
3.500000000000000000e+01
2.400000000000000000e+01
2.600000000000000000e+01
2.400000000000000000e+01
2.700000000000000000e+01
2.600000000000000000e+01
3.300000000000000000e+01
2.500000000000000000e+01
2.400000000000000000e+01
2.400000000000000000e+01
6.800000000000000000e+01
4.800000000000000000e+01
3.400000000000000000e+01
5.000000000000000000e+01
3.600000000000000000e+01
3.300000000000000000e+01
3.200000000000000000e+01
3.100000000000000000e+01
3.700000000000000000e+01
3.600000000000000000e+01
3.300000000000000000e+01
3.000000000000000000e+01
2.400000000000000000e+01
2.400000000000000000e+01
3.300000000000000000e+01
3.300000000000000000e+01
3.300000000000000000e+01
3.500000000000000000e+01
3.000000000000000000e+01
3.000000000000000000e+01
4.800000000000000000e+01
3.100000000000000000e+01
4.200000000000000000e+01
3.600000000000000000e+01
3.400000000000000000e+01
6.200000000000000000e+01
7.300000000000000000e+01
3.500000000000000000e+01
4.600000000000000000e+01
3.500000000000000000e+01
3.800000000000000000e+01
3.400000000000000000e+01
1.380000000000000000e+02
4.700000000000000000e+01
3.400000000000000000e+01
3.200000000000000000e+01
3.300000000000000000e+01
2.600000000000000000e+01
3.700000000000000000e+01
3.200000000000000000e+01
3.300000000000000000e+01
3.000000000000000000e+01
3.200000000000000000e+01
3.400000000000000000e+01
4.200000000000000000e+01
3.400000000000000000e+01
3.000000000000000000e+01
3.700000000000000000e+01
3.600000000000000000e+01
3.600000000000000000e+01
3.700000000000000000e+01
3.200000000000000000e+01
2.700000000000000000e+01
2.900000000000000000e+01
2.500000000000000000e+01
4.300000000000000000e+01
3.500000000000000000e+01
3.700000000000000000e+01
2.600000000000000000e+01
2.700000000000000000e+01
3.000000000000000000e+01
2.400000000000000000e+01
2.700000000000000000e+01
2.600000000000000000e+01
3.200000000000000000e+01
2.400000000000000000e+01
2.900000000000000000e+01
2.800000000000000000e+01
3.200000000000000000e+01
3.000000000000000000e+01
2.700000000000000000e+01
2.400000000000000000e+01
3.900000000000000000e+01
3.000000000000000000e+01
2.700000000000000000e+01
2.400000000000000000e+01
4.200000000000000000e+01
3.000000000000000000e+01
3.200000000000000000e+01
3.800000000000000000e+01
3.400000000000000000e+01
3.800000000000000000e+01
3.300000000000000000e+01
2.400000000000000000e+01
2.800000000000000000e+01
3.500000000000000000e+01
4.200000000000000000e+01
3.400000000000000000e+01
2.900000000000000000e+01
3.900000000000000000e+01
4.300000000000000000e+01
3.600000000000000000e+01
3.100000000000000000e+01
4.600000000000000000e+01
3.000000000000000000e+01
3.200000000000000000e+01
3.200000000000000000e+01
3.000000000000000000e+01
2.700000000000000000e+01
2.600000000000000000e+01
9.500000000000000000e+01
3.200000000000000000e+01
2.600000000000000000e+01
2.900000000000000000e+01
2.500000000000000000e+01
4.300000000000000000e+01
2.400000000000000000e+01
2.400000000000000000e+01
3.400000000000000000e+01
3.400000000000000000e+01
2.600000000000000000e+01
3.000000000000000000e+01
3.200000000000000000e+01
2.400000000000000000e+01
4.100000000000000000e+01
3.500000000000000000e+01
4.100000000000000000e+01
3.700000000000000000e+01
3.000000000000000000e+01
3.200000000000000000e+01
3.500000000000000000e+01
2.400000000000000000e+01
2.700000000000000000e+01
3.500000000000000000e+01
3.600000000000000000e+01
2.400000000000000000e+01
2.400000000000000000e+01
3.300000000000000000e+01
3.100000000000000000e+01
2.600000000000000000e+01
2.400000000000000000e+01
3.100000000000000000e+01
3.300000000000000000e+01
2.900000000000000000e+01
3.800000000000000000e+01
3.400000000000000000e+01
3.500000000000000000e+01
3.300000000000000000e+01
3.200000000000000000e+01
4.100000000000000000e+01
4.100000000000000000e+01
1.070000000000000000e+02
3.100000000000000000e+01
2.900000000000000000e+01
2.900000000000000000e+01
3.100000000000000000e+01
2.900000000000000000e+01
2.400000000000000000e+01
3.300000000000000000e+01
3.100000000000000000e+01
3.800000000000000000e+01
2.700000000000000000e+01
3.400000000000000000e+01
2.600000000000000000e+01
3.000000000000000000e+01
4.600000000000000000e+01
3.100000000000000000e+01
3.100000000000000000e+01
3.200000000000000000e+01
3.700000000000000000e+01
2.900000000000000000e+01
7.400000000000000000e+01
3.000000000000000000e+01
3.300000000000000000e+01
2.400000000000000000e+01
2.900000000000000000e+01
3.500000000000000000e+01
2.600000000000000000e+01
3.100000000000000000e+01
2.800000000000000000e+01
3.600000000000000000e+01
3.300000000000000000e+01
3.400000000000000000e+01
3.200000000000000000e+01
3.000000000000000000e+01
2.600000000000000000e+01
2.400000000000000000e+01
2.700000000000000000e+01
3.000000000000000000e+01
2.800000000000000000e+01
3.200000000000000000e+01
2.900000000000000000e+01
2.800000000000000000e+01
2.400000000000000000e+01
3.000000000000000000e+01
2.600000000000000000e+01
3.300000000000000000e+01
3.000000000000000000e+01
5.300000000000000000e+01
3.500000000000000000e+01
2.700000000000000000e+01
3.700000000000000000e+01
4.800000000000000000e+01
5.000000000000000000e+01
3.100000000000000000e+01
3.300000000000000000e+01
2.400000000000000000e+01
3.800000000000000000e+01
5.400000000000000000e+01
3.900000000000000000e+01
3.900000000000000000e+01
3.400000000000000000e+01
3.900000000000000000e+01
3.900000000000000000e+01
3.200000000000000000e+01
3.000000000000000000e+01
3.700000000000000000e+01
3.500000000000000000e+01
2.400000000000000000e+01
3.700000000000000000e+01
3.200000000000000000e+01
3.000000000000000000e+01
2.400000000000000000e+01
4.500000000000000000e+01
5.800000000000000000e+01
3.700000000000000000e+01
4.600000000000000000e+01
2.900000000000000000e+01
3.100000000000000000e+01
2.900000000000000000e+01
4.200000000000000000e+01
4.700000000000000000e+01
3.500000000000000000e+01
3.600000000000000000e+01
1.380000000000000000e+02
3.600000000000000000e+01
4.200000000000000000e+01
3.700000000000000000e+01
7.600000000000000000e+01
4.100000000000000000e+01
3.900000000000000000e+01
3.400000000000000000e+01
1.170000000000000000e+02
1.560000000000000000e+02
5.300000000000000000e+01
6.700000000000000000e+01
3.400000000000000000e+01
1.130000000000000000e+02
8.400000000000000000e+01
1.290000000000000000e+02
4.400000000000000000e+01
5.600000000000000000e+01
4.500000000000000000e+01
5.100000000000000000e+01
3.900000000000000000e+01
6.000000000000000000e+01
6.000000000000000000e+01
3.400000000000000000e+01
6.300000000000000000e+01
7.000000000000000000e+01
8.400000000000000000e+01
4.000000000000000000e+01
4.200000000000000000e+01
4.200000000000000000e+01
6.600000000000000000e+01
4.400000000000000000e+01
6.500000000000000000e+01
4.300000000000000000e+01
1.490000000000000000e+02
3.600000000000000000e+01
6.900000000000000000e+01
3.800000000000000000e+01
5.700000000000000000e+01
8.300000000000000000e+01
3.800000000000000000e+01
4.500000000000000000e+01
4.600000000000000000e+01
5.800000000000000000e+01
3.200000000000000000e+01
4.900000000000000000e+01
1.080000000000000000e+02
3.800000000000000000e+01
4.300000000000000000e+01
4.600000000000000000e+01
4.900000000000000000e+01
4.900000000000000000e+01
3.700000000000000000e+01
6.400000000000000000e+01
3.500000000000000000e+01
3.300000000000000000e+01
2.900000000000000000e+01
3.700000000000000000e+01
4.600000000000000000e+01
3.400000000000000000e+01
3.300000000000000000e+01
5.100000000000000000e+01
3.000000000000000000e+01
4.500000000000000000e+01
4.200000000000000000e+01
3.400000000000000000e+01
3.000000000000000000e+01
3.600000000000000000e+01
4.100000000000000000e+01
3.100000000000000000e+01
5.300000000000000000e+01
4.200000000000000000e+01
4.400000000000000000e+01
3.700000000000000000e+01
4.200000000000000000e+01
2.700000000000000000e+01
2.700000000000000000e+01
4.700000000000000000e+01
4.600000000000000000e+01
4.800000000000000000e+01
4.500000000000000000e+01
2.900000000000000000e+01
7.100000000000000000e+01
3.700000000000000000e+01
3.200000000000000000e+01
4.700000000000000000e+01
3.300000000000000000e+01
4.300000000000000000e+01
4.800000000000000000e+01
3.600000000000000000e+01
3.000000000000000000e+01
5.000000000000000000e+01
3.800000000000000000e+01
5.300000000000000000e+01
4.600000000000000000e+01
5.000000000000000000e+01
3.000000000000000000e+01
4.800000000000000000e+01
3.400000000000000000e+01
5.500000000000000000e+01
2.600000000000000000e+01
2.400000000000000000e+01
9.100000000000000000e+01
2.700000000000000000e+01
3.100000000000000000e+01
3.300000000000000000e+01
2.800000000000000000e+01
3.600000000000000000e+01
3.000000000000000000e+01
6.600000000000000000e+01
3.600000000000000000e+01
4.400000000000000000e+01
3.700000000000000000e+01
4.300000000000000000e+01
4.400000000000000000e+01
3.500000000000000000e+01
3.300000000000000000e+01
2.700000000000000000e+01
3.100000000000000000e+01
4.200000000000000000e+01
3.200000000000000000e+01
2.900000000000000000e+01
5.300000000000000000e+01
3.900000000000000000e+01
3.800000000000000000e+01
4.700000000000000000e+01
4.400000000000000000e+01
4.500000000000000000e+01
6.600000000000000000e+01
4.400000000000000000e+01
6.900000000000000000e+01
7.200000000000000000e+01
7.100000000000000000e+01
4.200000000000000000e+01
4.900000000000000000e+01
4.000000000000000000e+01
4.100000000000000000e+01
3.900000000000000000e+01
6.400000000000000000e+01
5.500000000000000000e+01
4.900000000000000000e+01
4.900000000000000000e+01
6.300000000000000000e+01
3.500000000000000000e+01
3.500000000000000000e+01
2.900000000000000000e+01
3.500000000000000000e+01
5.200000000000000000e+01
4.000000000000000000e+01
5.600000000000000000e+01
4.300000000000000000e+01
1.090000000000000000e+02
3.400000000000000000e+01
5.900000000000000000e+01
4.300000000000000000e+01
4.500000000000000000e+01
2.900000000000000000e+01
5.700000000000000000e+01
3.700000000000000000e+01
3.900000000000000000e+01
3.200000000000000000e+01
4.700000000000000000e+01
4.500000000000000000e+01
2.900000000000000000e+01
3.800000000000000000e+01
5.500000000000000000e+01
2.500000000000000000e+01
4.700000000000000000e+01
3.200000000000000000e+01
3.100000000000000000e+01
3.200000000000000000e+01
3.600000000000000000e+01
3.600000000000000000e+01
3.000000000000000000e+01
3.500000000000000000e+01
2.700000000000000000e+01
5.400000000000000000e+01
4.400000000000000000e+01
3.300000000000000000e+01
2.900000000000000000e+01
4.300000000000000000e+01
4.700000000000000000e+01
3.700000000000000000e+01
2.800000000000000000e+01
4.500000000000000000e+01
4.200000000000000000e+01
4.000000000000000000e+01
3.700000000000000000e+01
2.400000000000000000e+01
3.000000000000000000e+01
2.900000000000000000e+01
4.800000000000000000e+01
4.300000000000000000e+01
2.400000000000000000e+01
3.000000000000000000e+01
2.700000000000000000e+01
3.300000000000000000e+01
2.900000000000000000e+01
2.700000000000000000e+01
3.000000000000000000e+01
3.300000000000000000e+01
3.100000000000000000e+01
2.400000000000000000e+01
2.600000000000000000e+01
2.700000000000000000e+01
2.400000000000000000e+01
2.800000000000000000e+01
3.000000000000000000e+01
2.800000000000000000e+01
3.500000000000000000e+01
2.900000000000000000e+01
3.400000000000000000e+01
2.600000000000000000e+01
2.700000000000000000e+01
9.900000000000000000e+01
4.900000000000000000e+01
2.400000000000000000e+01
3.200000000000000000e+01
2.500000000000000000e+01
4.700000000000000000e+01
2.400000000000000000e+01
2.600000000000000000e+01
3.500000000000000000e+01
6.100000000000000000e+01
3.600000000000000000e+01
3.600000000000000000e+01
3.900000000000000000e+01
3.200000000000000000e+01
3.300000000000000000e+01
3.300000000000000000e+01
3.800000000000000000e+01
3.900000000000000000e+01
5.600000000000000000e+01
2.900000000000000000e+01
3.300000000000000000e+01
6.900000000000000000e+01
4.500000000000000000e+01
5.300000000000000000e+01
6.600000000000000000e+01
2.600000000000000000e+01
2.800000000000000000e+01
3.600000000000000000e+01
3.900000000000000000e+01
4.900000000000000000e+01
5.300000000000000000e+01
2.010000000000000000e+02
5.800000000000000000e+01
3.400000000000000000e+01
3.500000000000000000e+01
3.400000000000000000e+01
3.900000000000000000e+01
3.600000000000000000e+01
3.300000000000000000e+01
4.100000000000000000e+01
5.000000000000000000e+01
4.000000000000000000e+01
3.600000000000000000e+01
3.600000000000000000e+01
3.300000000000000000e+01
3.300000000000000000e+01
3.900000000000000000e+01
6.200000000000000000e+01
4.300000000000000000e+01
3.000000000000000000e+01
3.000000000000000000e+01
2.500000000000000000e+01
3.300000000000000000e+01
2.800000000000000000e+01
3.000000000000000000e+01
3.200000000000000000e+01
1.520000000000000000e+02
3.800000000000000000e+01
2.600000000000000000e+01
3.000000000000000000e+01
3.100000000000000000e+01
3.300000000000000000e+01
3.100000000000000000e+01
2.600000000000000000e+01
3.600000000000000000e+01
3.200000000000000000e+01
3.600000000000000000e+01
3.500000000000000000e+01
2.600000000000000000e+01
2.600000000000000000e+01
2.900000000000000000e+01
2.800000000000000000e+01
3.200000000000000000e+01
4.300000000000000000e+01
3.400000000000000000e+01
4.600000000000000000e+01
7.100000000000000000e+01
4.300000000000000000e+01
5.100000000000000000e+01
4.600000000000000000e+01
4.600000000000000000e+01
5.500000000000000000e+01
7.100000000000000000e+01
4.400000000000000000e+01
4.600000000000000000e+01
4.100000000000000000e+01
5.100000000000000000e+01
5.200000000000000000e+01
5.000000000000000000e+01
4.600000000000000000e+01
3.900000000000000000e+01
4.100000000000000000e+01
4.200000000000000000e+01
3.400000000000000000e+01
4.000000000000000000e+01
4.300000000000000000e+01
4.400000000000000000e+01
4.900000000000000000e+01
4.000000000000000000e+01
3.700000000000000000e+01
3.700000000000000000e+01
3.200000000000000000e+01
7.500000000000000000e+01
8.800000000000000000e+01
4.100000000000000000e+01
3.700000000000000000e+01
5.100000000000000000e+01
4.500000000000000000e+01
7.100000000000000000e+01
4.100000000000000000e+01
4.100000000000000000e+01
4.200000000000000000e+01
5.300000000000000000e+01
6.000000000000000000e+01
3.800000000000000000e+01
2.600000000000000000e+01
5.200000000000000000e+01
4.100000000000000000e+01
4.500000000000000000e+01
3.500000000000000000e+01
6.000000000000000000e+01
4.600000000000000000e+01
8.500000000000000000e+01
4.600000000000000000e+01
5.500000000000000000e+01
5.400000000000000000e+01
4.100000000000000000e+01
5.500000000000000000e+01
5.200000000000000000e+01
4.200000000000000000e+01
6.100000000000000000e+01
4.400000000000000000e+01
3.500000000000000000e+01
5.300000000000000000e+01
4.400000000000000000e+01
3.300000000000000000e+01
5.700000000000000000e+01
4.500000000000000000e+01
5.300000000000000000e+01
2.400000000000000000e+01
3.800000000000000000e+01
6.300000000000000000e+01
4.400000000000000000e+01
4.900000000000000000e+01
8.000000000000000000e+01
5.100000000000000000e+01
6.900000000000000000e+01
3.200000000000000000e+01
1.560000000000000000e+02
5.100000000000000000e+01
4.200000000000000000e+01
6.800000000000000000e+01
5.300000000000000000e+01
5.200000000000000000e+01
5.000000000000000000e+01
3.300000000000000000e+01
4.300000000000000000e+01
6.700000000000000000e+01
5.800000000000000000e+01
6.300000000000000000e+01
4.800000000000000000e+01
6.100000000000000000e+01
3.800000000000000000e+01
8.000000000000000000e+01
5.100000000000000000e+01
6.100000000000000000e+01
3.900000000000000000e+01
5.000000000000000000e+01
4.800000000000000000e+01
9.000000000000000000e+01
6.600000000000000000e+01
5.000000000000000000e+01
1.160000000000000000e+02
8.400000000000000000e+01
4.200000000000000000e+01
5.100000000000000000e+01
4.100000000000000000e+01
3.400000000000000000e+01
7.400000000000000000e+01
4.700000000000000000e+01
6.300000000000000000e+01
9.200000000000000000e+01
4.800000000000000000e+01
4.100000000000000000e+01
2.800000000000000000e+01
2.900000000000000000e+01
3.500000000000000000e+01
6.300000000000000000e+01
4.300000000000000000e+01
4.700000000000000000e+01
5.200000000000000000e+01
3.700000000000000000e+01
6.300000000000000000e+01
5.300000000000000000e+01
9.400000000000000000e+01
6.200000000000000000e+01
6.300000000000000000e+01
3.800000000000000000e+01
3.900000000000000000e+01
2.500000000000000000e+01
5.400000000000000000e+01
5.000000000000000000e+01
6.300000000000000000e+01
2.400000000000000000e+01
5.300000000000000000e+01
6.700000000000000000e+01
3.600000000000000000e+01
8.800000000000000000e+01
9.900000000000000000e+01
6.700000000000000000e+01
7.300000000000000000e+01
6.500000000000000000e+01
3.100000000000000000e+01
1.040000000000000000e+02
6.100000000000000000e+01
4.300000000000000000e+01
3.500000000000000000e+01
5.400000000000000000e+01
5.700000000000000000e+01
7.600000000000000000e+01
4.800000000000000000e+01
3.000000000000000000e+01
5.000000000000000000e+01
4.200000000000000000e+01
3.400000000000000000e+01
2.800000000000000000e+01
5.800000000000000000e+01
4.100000000000000000e+01
4.000000000000000000e+01
5.000000000000000000e+01
4.900000000000000000e+01
5.900000000000000000e+01
6.200000000000000000e+01
3.800000000000000000e+01
2.400000000000000000e+01
3.600000000000000000e+01
5.200000000000000000e+01
5.200000000000000000e+01
4.700000000000000000e+01
4.500000000000000000e+01
6.800000000000000000e+01
4.000000000000000000e+01
5.600000000000000000e+01
5.600000000000000000e+01
6.100000000000000000e+01
4.000000000000000000e+01
4.500000000000000000e+01
1.000000000000000000e+02
1.210000000000000000e+02
9.200000000000000000e+01
5.600000000000000000e+01
4.700000000000000000e+01
5.200000000000000000e+01
8.000000000000000000e+01
1.140000000000000000e+02
5.100000000000000000e+01
4.600000000000000000e+01
6.100000000000000000e+01
4.800000000000000000e+01
5.700000000000000000e+01
6.000000000000000000e+01
6.600000000000000000e+01
6.300000000000000000e+01
4.700000000000000000e+01
7.300000000000000000e+01
6.400000000000000000e+01
4.500000000000000000e+01
6.600000000000000000e+01
6.400000000000000000e+01
5.300000000000000000e+01
6.400000000000000000e+01
4.500000000000000000e+01
4.100000000000000000e+01
3.800000000000000000e+01
3.800000000000000000e+01
4.100000000000000000e+01
3.800000000000000000e+01
4.900000000000000000e+01
4.900000000000000000e+01
4.500000000000000000e+01
4.300000000000000000e+01
3.400000000000000000e+01
3.700000000000000000e+01
3.500000000000000000e+01
6.300000000000000000e+01
3.300000000000000000e+01
4.400000000000000000e+01
6.700000000000000000e+01
3.400000000000000000e+01
3.400000000000000000e+01
4.200000000000000000e+01
4.500000000000000000e+01
4.200000000000000000e+01
4.200000000000000000e+01
4.100000000000000000e+01
3.100000000000000000e+01
3.200000000000000000e+01
4.600000000000000000e+01
5.700000000000000000e+01
3.100000000000000000e+01
4.600000000000000000e+01
6.200000000000000000e+01
7.200000000000000000e+01
3.700000000000000000e+01
2.800000000000000000e+01
4.300000000000000000e+01
3.800000000000000000e+01
4.700000000000000000e+01
3.700000000000000000e+01
5.200000000000000000e+01
2.800000000000000000e+01
3.300000000000000000e+01
3.800000000000000000e+01
3.500000000000000000e+01
4.800000000000000000e+01
4.800000000000000000e+01
6.000000000000000000e+01
3.500000000000000000e+01
5.200000000000000000e+01
3.300000000000000000e+01
5.500000000000000000e+01
4.200000000000000000e+01
3.900000000000000000e+01
5.800000000000000000e+01
4.100000000000000000e+01
3.600000000000000000e+01
3.000000000000000000e+01
6.000000000000000000e+01
4.100000000000000000e+01
4.700000000000000000e+01
9.000000000000000000e+01
3.200000000000000000e+01
4.800000000000000000e+01
3.100000000000000000e+01
6.200000000000000000e+01
3.400000000000000000e+01
5.100000000000000000e+01
4.000000000000000000e+01
3.300000000000000000e+01
2.400000000000000000e+01
4.600000000000000000e+01
4.300000000000000000e+01
4.800000000000000000e+01
6.000000000000000000e+01
4.500000000000000000e+01
4.900000000000000000e+01
6.800000000000000000e+01
6.300000000000000000e+01
7.700000000000000000e+01
4.000000000000000000e+01
7.100000000000000000e+01
3.400000000000000000e+01
5.600000000000000000e+01
4.800000000000000000e+01
4.500000000000000000e+01
7.300000000000000000e+01
7.500000000000000000e+01
6.000000000000000000e+01
5.000000000000000000e+01
4.000000000000000000e+01
6.100000000000000000e+01
8.600000000000000000e+01
4.500000000000000000e+01
5.300000000000000000e+01
5.400000000000000000e+01
4.800000000000000000e+01
3.700000000000000000e+01
5.900000000000000000e+01
4.200000000000000000e+01
7.300000000000000000e+01
6.400000000000000000e+01
7.700000000000000000e+01
6.900000000000000000e+01
6.600000000000000000e+01
7.000000000000000000e+01
3.300000000000000000e+01
6.000000000000000000e+01
6.200000000000000000e+01
2.600000000000000000e+01
2.400000000000000000e+01
2.600000000000000000e+01
2.400000000000000000e+01
2.600000000000000000e+01
4.000000000000000000e+01
3.900000000000000000e+01
3.500000000000000000e+01
3.300000000000000000e+01
3.900000000000000000e+01
3.100000000000000000e+01
4.700000000000000000e+01
2.400000000000000000e+01
2.700000000000000000e+01
2.400000000000000000e+01
6.200000000000000000e+01
2.900000000000000000e+01
2.400000000000000000e+01
2.600000000000000000e+01
2.400000000000000000e+01
4.600000000000000000e+01
3.000000000000000000e+01
7.300000000000000000e+01
7.500000000000000000e+01
2.500000000000000000e+01
2.400000000000000000e+01
2.500000000000000000e+01
2.400000000000000000e+01
2.500000000000000000e+01
2.400000000000000000e+01
2.600000000000000000e+01
2.400000000000000000e+01
2.400000000000000000e+01
2.400000000000000000e+01
2.400000000000000000e+01
2.600000000000000000e+01
2.900000000000000000e+01
3.900000000000000000e+01
3.300000000000000000e+01
2.400000000000000000e+01
2.900000000000000000e+01
2.800000000000000000e+01
2.600000000000000000e+01
2.400000000000000000e+01
4.100000000000000000e+01
2.600000000000000000e+01
2.400000000000000000e+01
2.800000000000000000e+01
3.000000000000000000e+01
3.900000000000000000e+01
3.900000000000000000e+01
2.400000000000000000e+01
2.500000000000000000e+01
2.900000000000000000e+01
2.400000000000000000e+01
9.800000000000000000e+01
2.800000000000000000e+01
2.900000000000000000e+01
2.600000000000000000e+01
4.600000000000000000e+01
2.400000000000000000e+01
3.300000000000000000e+01
5.600000000000000000e+01
6.300000000000000000e+01
6.400000000000000000e+01
6.700000000000000000e+01
4.500000000000000000e+01
2.900000000000000000e+01
3.000000000000000000e+01
2.400000000000000000e+01
2.600000000000000000e+01
2.500000000000000000e+01
2.800000000000000000e+01
3.700000000000000000e+01
2.700000000000000000e+01
2.400000000000000000e+01
2.800000000000000000e+01
5.000000000000000000e+01
3.600000000000000000e+01
3.200000000000000000e+01
3.200000000000000000e+01
3.200000000000000000e+01
2.400000000000000000e+01
2.400000000000000000e+01
2.400000000000000000e+01
2.400000000000000000e+01
3.600000000000000000e+01
2.400000000000000000e+01
2.400000000000000000e+01
2.800000000000000000e+01
2.800000000000000000e+01
2.400000000000000000e+01
3.500000000000000000e+01
3.100000000000000000e+01
2.800000000000000000e+01
2.700000000000000000e+01
2.400000000000000000e+01
2.500000000000000000e+01
2.400000000000000000e+01
4.000000000000000000e+01
2.700000000000000000e+01
3.200000000000000000e+01
5.500000000000000000e+01
3.100000000000000000e+01
2.400000000000000000e+01
3.400000000000000000e+01
3.000000000000000000e+01
3.400000000000000000e+01
3.600000000000000000e+01
2.400000000000000000e+01
3.400000000000000000e+01
2.400000000000000000e+01
2.400000000000000000e+01
2.400000000000000000e+01
2.600000000000000000e+01
2.400000000000000000e+01
3.100000000000000000e+01
2.400000000000000000e+01
2.500000000000000000e+01
3.100000000000000000e+01
2.400000000000000000e+01
2.400000000000000000e+01
2.400000000000000000e+01
2.400000000000000000e+01
2.400000000000000000e+01
2.400000000000000000e+01
2.400000000000000000e+01
3.200000000000000000e+01
4.100000000000000000e+01
4.400000000000000000e+01
2.700000000000000000e+01
3.300000000000000000e+01
3.200000000000000000e+01
3.000000000000000000e+01
2.600000000000000000e+01
2.500000000000000000e+01
2.400000000000000000e+01
3.600000000000000000e+01
2.400000000000000000e+01
2.400000000000000000e+01
2.400000000000000000e+01
2.700000000000000000e+01
4.800000000000000000e+01
2.400000000000000000e+01
3.300000000000000000e+01
2.400000000000000000e+01
2.400000000000000000e+01
3.100000000000000000e+01
2.800000000000000000e+01
2.400000000000000000e+01
2.600000000000000000e+01
2.600000000000000000e+01
7.500000000000000000e+01
4.900000000000000000e+01
4.000000000000000000e+01
2.500000000000000000e+01
2.400000000000000000e+01
3.500000000000000000e+01
2.400000000000000000e+01
3.500000000000000000e+01
2.700000000000000000e+01
2.400000000000000000e+01
3.100000000000000000e+01
2.700000000000000000e+01
3.600000000000000000e+01
2.400000000000000000e+01
2.800000000000000000e+01
3.700000000000000000e+01
2.400000000000000000e+01
3.200000000000000000e+01
2.400000000000000000e+01
3.000000000000000000e+01
2.500000000000000000e+01
3.600000000000000000e+01
2.400000000000000000e+01
3.000000000000000000e+01
2.500000000000000000e+01
2.600000000000000000e+01
2.400000000000000000e+01
3.200000000000000000e+01
3.900000000000000000e+01
3.300000000000000000e+01
3.000000000000000000e+01
2.400000000000000000e+01
2.700000000000000000e+01
4.900000000000000000e+01
2.400000000000000000e+01
4.200000000000000000e+01
2.700000000000000000e+01
2.800000000000000000e+01
3.300000000000000000e+01
3.300000000000000000e+01
4.000000000000000000e+01
3.400000000000000000e+01
3.500000000000000000e+01
2.400000000000000000e+01
3.100000000000000000e+01
2.900000000000000000e+01
3.300000000000000000e+01
2.400000000000000000e+01
3.800000000000000000e+01
2.500000000000000000e+01
2.400000000000000000e+01
2.400000000000000000e+01
2.400000000000000000e+01
2.900000000000000000e+01
3.100000000000000000e+01
3.100000000000000000e+01
4.300000000000000000e+01
3.800000000000000000e+01
6.100000000000000000e+01
5.000000000000000000e+01
3.300000000000000000e+01
2.900000000000000000e+01
5.500000000000000000e+01
2.600000000000000000e+01
2.700000000000000000e+01
2.400000000000000000e+01
6.000000000000000000e+01
2.800000000000000000e+01
3.300000000000000000e+01
7.100000000000000000e+01
2.400000000000000000e+01
6.300000000000000000e+01
4.000000000000000000e+01
3.000000000000000000e+01
4.400000000000000000e+01
3.000000000000000000e+01
3.600000000000000000e+01
6.500000000000000000e+01
4.900000000000000000e+01
2.400000000000000000e+01
3.900000000000000000e+01
5.000000000000000000e+01
3.800000000000000000e+01
3.700000000000000000e+01
4.900000000000000000e+01
2.600000000000000000e+01
5.100000000000000000e+01
3.100000000000000000e+01
2.400000000000000000e+01
3.700000000000000000e+01
5.000000000000000000e+01
3.700000000000000000e+01
5.800000000000000000e+01
2.900000000000000000e+01
4.200000000000000000e+01
2.400000000000000000e+01
6.300000000000000000e+01
3.000000000000000000e+01
6.900000000000000000e+01
3.700000000000000000e+01
4.100000000000000000e+01
3.100000000000000000e+01
4.000000000000000000e+01
2.400000000000000000e+01
2.600000000000000000e+01
7.000000000000000000e+01
3.900000000000000000e+01
2.600000000000000000e+01
4.000000000000000000e+01
3.400000000000000000e+01
4.200000000000000000e+01
3.600000000000000000e+01
4.300000000000000000e+01
3.500000000000000000e+01
5.000000000000000000e+01
5.500000000000000000e+01
4.400000000000000000e+01
3.300000000000000000e+01
4.200000000000000000e+01
6.400000000000000000e+01
4.700000000000000000e+01
5.900000000000000000e+01
3.800000000000000000e+01
3.200000000000000000e+01
6.500000000000000000e+01
2.600000000000000000e+01
4.100000000000000000e+01
2.700000000000000000e+01
3.400000000000000000e+01
2.900000000000000000e+01
3.400000000000000000e+01
1.320000000000000000e+02
2.600000000000000000e+01
3.800000000000000000e+01
7.200000000000000000e+01
3.400000000000000000e+01
2.700000000000000000e+01
5.100000000000000000e+01
9.500000000000000000e+01
9.000000000000000000e+01
4.700000000000000000e+01
4.700000000000000000e+01
3.300000000000000000e+01
3.100000000000000000e+01
2.900000000000000000e+01
4.700000000000000000e+01
2.400000000000000000e+01
3.000000000000000000e+01
7.000000000000000000e+01
2.400000000000000000e+01
4.700000000000000000e+01
3.200000000000000000e+01
5.800000000000000000e+01
3.600000000000000000e+01
5.800000000000000000e+01
3.500000000000000000e+01
3.300000000000000000e+01
2.900000000000000000e+01
4.600000000000000000e+01
2.700000000000000000e+01
1.310000000000000000e+02
5.600000000000000000e+01
4.500000000000000000e+01
3.100000000000000000e+01
4.900000000000000000e+01
6.800000000000000000e+01
5.700000000000000000e+01
4.200000000000000000e+01
2.700000000000000000e+01
4.200000000000000000e+01
1.080000000000000000e+02
3.900000000000000000e+01
3.800000000000000000e+01
6.300000000000000000e+01
9.800000000000000000e+01
5.900000000000000000e+01
3.800000000000000000e+01
5.800000000000000000e+01
3.400000000000000000e+01
5.500000000000000000e+01
5.900000000000000000e+01
5.600000000000000000e+01
3.800000000000000000e+01
3.400000000000000000e+01
3.500000000000000000e+01
5.400000000000000000e+01
6.200000000000000000e+01
5.900000000000000000e+01
9.700000000000000000e+01
4.900000000000000000e+01
5.200000000000000000e+01
4.600000000000000000e+01
3.900000000000000000e+01
3.300000000000000000e+01
3.900000000000000000e+01
3.600000000000000000e+01
4.600000000000000000e+01
4.000000000000000000e+01
4.700000000000000000e+01
4.100000000000000000e+01
5.539999999999999858e+01
1.230999999999999943e+02
9.390000000000000568e+01
7.079999999999999716e+01
1.034000000000000057e+02
9.279999999999999716e+01
8.550000000000000000e+01
6.740000000000000568e+01
6.379999999999999716e+01
9.840000000000000568e+01
8.970000000000000284e+01
8.750000000000000000e+01
8.479999999999999716e+01
7.740000000000000568e+01
8.070000000000000284e+01
8.650000000000000000e+01
7.400000000000000000e+01
8.440000000000000568e+01
7.500000000000000000e+01
7.429999999999999716e+01
8.170000000000000284e+01
8.159999999999999432e+01
7.129999999999999716e+01
7.759999999999999432e+01
7.400000000000000000e+01
1.112999999999999972e+02
9.340000000000000568e+01
8.800000000000000000e+01
1.017999999999999972e+02
8.220000000000000284e+01
7.520000000000000284e+01
1.055000000000000000e+02
8.070000000000000284e+01
7.009999999999999432e+01
9.150000000000000000e+01
6.740000000000000568e+01
6.189999999999999858e+01
7.390000000000000568e+01
7.829999999999999716e+01
8.000000000000000000e+01
8.159999999999999432e+01
7.420000000000000284e+01
7.040000000000000568e+01
6.890000000000000568e+01
8.609999999999999432e+01
7.090000000000000568e+01
8.040000000000000568e+01
6.929999999999999716e+01
1.049000000000000057e+02
7.820000000000000284e+01
6.479999999999999716e+01
7.529999999999999716e+01
6.220000000000000284e+01
6.260000000000000142e+01
6.670000000000000284e+01
5.710000000000000142e+01
7.000000000000000000e+01
7.890000000000000568e+01
8.100000000000000000e+01
1.152000000000000028e+02
1.022999999999999972e+02
7.179999999999999716e+01
8.329999999999999716e+01
8.909999999999999432e+01
7.050000000000000000e+01
1.127999999999999972e+02
8.159999999999999432e+01
6.850000000000000000e+01
1.032000000000000028e+02
7.479999999999999716e+01
7.520000000000000284e+01
7.609999999999999432e+01
7.629999999999999716e+01
8.379999999999999716e+01
8.540000000000000568e+01
7.079999999999999716e+01
7.300000000000000000e+01
6.229999999999999716e+01
8.090000000000000568e+01
9.290000000000000568e+01
6.909999999999999432e+01
6.759999999999999432e+01
1.055000000000000000e+02
9.290000000000000568e+01
7.940000000000000568e+01
8.650000000000000000e+01
9.109999999999999432e+01
1.052999999999999972e+02
8.220000000000000284e+01
1.301999999999999886e+02
1.099000000000000057e+02
7.359999999999999432e+01
9.529999999999999716e+01
8.600000000000000000e+01
7.320000000000000284e+01
9.690000000000000568e+01
8.920000000000000284e+01
7.750000000000000000e+01
9.609999999999999432e+01
7.709999999999999432e+01
8.420000000000000284e+01
1.020000000000000000e+02
7.779999999999999716e+01
8.600000000000000000e+01
1.157999999999999972e+02
9.900000000000000000e+01
7.779999999999999716e+01
6.629999999999999716e+01
8.400000000000000000e+01
7.029999999999999716e+01
8.079999999999999716e+01
9.520000000000000284e+01
6.979999999999999716e+01
7.340000000000000568e+01
7.370000000000000284e+01
1.002000000000000028e+02
1.004000000000000057e+02
9.640000000000000568e+01
1.037999999999999972e+02
9.520000000000000284e+01
1.132999999999999972e+02
1.175999999999999943e+02
8.379999999999999716e+01
9.400000000000000000e+01
1.515999999999999943e+02
8.729999999999999716e+01
8.940000000000000568e+01
8.829999999999999716e+01
1.064000000000000057e+02
1.469000000000000057e+02
9.009999999999999432e+01
1.034000000000000057e+02
8.200000000000000000e+01
8.750000000000000000e+01
8.679999999999999716e+01
1.040000000000000000e+02
9.820000000000000284e+01
1.105999999999999943e+02
9.920000000000000284e+01
1.037000000000000028e+02
1.095000000000000000e+02
1.300000000000000000e+02
9.390000000000000568e+01
1.060000000000000000e+02
8.659999999999999432e+01
8.690000000000000568e+01
7.900000000000000000e+01
7.059999999999999432e+01
1.254000000000000057e+02
1.390000000000000000e+02
1.232999999999999972e+02
1.102000000000000028e+02
1.147000000000000028e+02
1.040999999999999943e+02
7.029999999999999716e+01
9.209999999999999432e+01
9.170000000000000284e+01
1.182000000000000028e+02
9.440000000000000568e+01
1.017999999999999972e+02
1.220999999999999943e+02
1.570000000000000000e+02
1.095999999999999943e+02
9.259999999999999432e+01
9.209999999999999432e+01
9.250000000000000000e+01
8.220000000000000284e+01
1.119000000000000057e+02
8.640000000000000568e+01
1.065999999999999943e+02
1.515000000000000000e+02
1.127000000000000028e+02
1.105000000000000000e+02
1.210000000000000000e+02
7.759999999999999432e+01
9.929999999999999716e+01
1.019000000000000057e+02
2.766000000000000227e+02
1.247999999999999972e+02
1.130000000000000000e+02
9.079999999999999716e+01
8.570000000000000284e+01
1.272999999999999972e+02
1.240000000000000000e+02
1.493000000000000114e+02
1.007000000000000028e+02
1.069000000000000057e+02
6.210000000000000142e+01
1.095000000000000000e+02
7.809999999999999432e+01
1.120000000000000000e+02
8.650000000000000000e+01
9.040000000000000568e+01
1.102000000000000028e+02
1.029000000000000057e+02
9.400000000000000000e+01
1.125999999999999943e+02
9.359999999999999432e+01
9.809999999999999432e+01
1.361999999999999886e+02
8.450000000000000000e+01
1.002999999999999972e+02
7.759999999999999432e+01
9.990000000000000568e+01
1.194000000000000057e+02
9.820000000000000284e+01
1.025999999999999943e+02
1.030999999999999943e+02
1.205999999999999943e+02
1.057999999999999972e+02
1.219000000000000057e+02
2.253000000000000114e+02
1.464000000000000057e+02
1.440000000000000000e+02
1.394000000000000057e+02
1.102999999999999972e+02
1.340000000000000000e+02
2.141999999999999886e+02
1.269000000000000057e+02
1.000999999999999943e+02
1.250999999999999943e+02
3.718999999999999773e+02
1.421999999999999886e+02
1.015999999999999943e+02
8.709999999999999432e+01
1.836999999999999886e+02
1.020999999999999943e+02
1.007000000000000028e+02
1.306999999999999886e+02
1.461999999999999886e+02
9.120000000000000284e+01
1.745999999999999943e+02
1.949000000000000057e+02
8.970000000000000284e+01
1.127000000000000028e+02
1.169000000000000057e+02
1.144000000000000057e+02
8.340000000000000568e+01
1.290999999999999943e+02
1.025000000000000000e+02
1.047999999999999972e+02
1.145000000000000000e+02
1.082999999999999972e+02
1.165000000000000000e+02
1.107999999999999972e+02
1.140999999999999943e+02
1.130999999999999943e+02
1.330000000000000000e+02
1.150000000000000000e+02
1.340000000000000000e+02
2.381999999999999886e+02
9.279999999999999716e+01
9.309999999999999432e+01
1.252999999999999972e+02
1.207999999999999972e+02
9.900000000000000000e+01
1.065000000000000000e+02
1.428000000000000114e+02
1.127000000000000028e+02
1.024000000000000057e+02
1.080000000000000000e+02
1.112000000000000028e+02
1.227000000000000028e+02
1.157000000000000028e+02
1.473000000000000114e+02
1.245999999999999943e+02
1.569000000000000057e+02
1.072000000000000028e+02
1.289000000000000057e+02
1.335000000000000000e+02
9.220000000000000284e+01
1.067000000000000028e+02
9.409999999999999432e+01
9.859999999999999432e+01
1.205999999999999943e+02
7.800000000000000000e+01
8.900000000000000000e+01
1.217999999999999972e+02
9.029999999999999716e+01
1.465000000000000000e+02
1.471999999999999886e+02
1.099000000000000057e+02
1.242999999999999972e+02
1.087000000000000028e+02
1.162000000000000028e+02
1.119000000000000057e+02
1.290999999999999943e+02
1.012000000000000028e+02
9.159999999999999432e+01
1.275999999999999943e+02
9.740000000000000568e+01
1.174000000000000057e+02
1.037000000000000028e+02
1.180000000000000000e+02
1.165000000000000000e+02
8.509999999999999432e+01
1.062000000000000028e+02
1.390999999999999943e+02
1.132000000000000028e+02
1.618000000000000114e+02
1.137999999999999972e+02
1.115000000000000000e+02
1.436999999999999886e+02
1.345999999999999943e+02
1.560000000000000000e+02
9.629999999999999716e+01
7.420000000000000284e+01
1.100000000000000000e+02
1.314000000000000057e+02
1.065999999999999943e+02
1.260000000000000000e+02
1.125000000000000000e+02
1.306999999999999886e+02
1.215000000000000000e+02
1.326999999999999886e+02
1.130000000000000000e+02
1.075000000000000000e+02
1.027000000000000028e+02
1.325000000000000000e+02
1.147000000000000028e+02
9.720000000000000284e+01
8.500000000000000000e+01
9.259999999999999432e+01
1.235000000000000000e+02
1.194000000000000057e+02
9.640000000000000568e+01
9.359999999999999432e+01
1.270000000000000000e+02
1.708000000000000114e+02
8.059999999999999432e+01
9.729999999999999716e+01
9.500000000000000000e+01
1.010999999999999943e+02
1.319000000000000057e+02
1.220999999999999943e+02
1.015000000000000000e+02
8.550000000000000000e+01
1.285999999999999943e+02
1.005999999999999943e+02
1.065999999999999943e+02
8.700000000000000000e+01
9.020000000000000284e+01
8.720000000000000284e+01
2.006999999999999886e+02
1.162000000000000028e+02
1.301999999999999886e+02
1.207999999999999972e+02
1.319000000000000057e+02
1.255999999999999943e+02
1.124000000000000057e+02
9.990000000000000568e+01
8.359999999999999432e+01
8.020000000000000284e+01
8.490000000000000568e+01
1.359000000000000057e+02
1.195000000000000000e+02
1.414000000000000057e+02
1.865999999999999943e+02
9.840000000000000568e+01
8.329999999999999716e+01
1.384000000000000057e+02
9.179999999999999716e+01
9.229999999999999716e+01
1.187000000000000028e+02
9.340000000000000568e+01
1.369000000000000057e+02
1.535999999999999943e+02
1.310999999999999943e+02
1.137999999999999972e+02
1.227999999999999972e+02
1.329000000000000057e+02
1.359000000000000057e+02
1.117000000000000028e+02
1.316999999999999886e+02
9.390000000000000568e+01
7.909999999999999432e+01
1.047000000000000028e+02
1.035999999999999943e+02
9.690000000000000568e+01
1.455000000000000000e+02
1.160999999999999943e+02
1.139000000000000057e+02
9.909999999999999432e+01
1.225000000000000000e+02
1.100000000000000000e+02
9.159999999999999432e+01
8.890000000000000568e+01
9.209999999999999432e+01
2.263000000000000114e+02
8.429999999999999716e+01
8.609999999999999432e+01
1.020999999999999943e+02
7.600000000000000000e+01
1.165999999999999943e+02
8.829999999999999716e+01
7.570000000000000284e+01
7.979999999999999716e+01
1.005999999999999943e+02
1.227000000000000028e+02
6.820000000000000284e+01
9.159999999999999432e+01
1.002999999999999972e+02
9.029999999999999716e+01
8.700000000000000000e+01
6.990000000000000568e+01
8.100000000000000000e+01
1.137999999999999972e+02
1.986999999999999886e+02
6.950000000000000000e+01
8.070000000000000284e+01
7.559999999999999432e+01
8.279999999999999716e+01
7.290000000000000568e+01
8.729999999999999716e+01
8.770000000000000284e+01
7.850000000000000000e+01
7.570000000000000284e+01
6.900000000000000000e+01
3.779999999999999716e+01
6.770000000000000284e+01
8.000000000000000000e+01
7.050000000000000000e+01
7.250000000000000000e+01
7.000000000000000000e+01
1.172000000000000028e+02
1.122999999999999972e+02
1.012000000000000028e+02
7.340000000000000568e+01
1.140000000000000000e+02
6.479999999999999716e+01
1.075999999999999943e+02
7.900000000000000000e+01
8.240000000000000568e+01
1.000000000000000000e+02
1.217999999999999972e+02
1.420000000000000000e+02
6.379999999999999716e+01
1.370999999999999943e+02
8.720000000000000284e+01
9.900000000000000000e+01
1.915999999999999943e+02
1.306999999999999886e+02
1.184000000000000057e+02
1.300999999999999943e+02
9.350000000000000000e+01
9.129999999999999716e+01
1.247000000000000028e+02
7.829999999999999716e+01
1.404000000000000057e+02
1.526999999999999886e+02
9.029999999999999716e+01
1.235999999999999943e+02
7.950000000000000000e+01
1.430999999999999943e+02
8.279999999999999716e+01
8.150000000000000000e+01
6.440000000000000568e+01
1.015000000000000000e+02
8.759999999999999432e+01
7.109999999999999432e+01
1.495999999999999943e+02
1.740999999999999943e+02
9.559999999999999432e+01
8.959999999999999432e+01
7.120000000000000284e+01
1.115999999999999943e+02
8.959999999999999432e+01
9.959999999999999432e+01
1.696999999999999886e+02
1.152999999999999972e+02
4.195000000000000000e+02
1.288000000000000114e+02
9.990000000000000568e+01
9.709999999999999432e+01
8.129999999999999716e+01
8.450000000000000000e+01
1.035000000000000000e+02
7.829999999999999716e+01
1.182000000000000028e+02
1.019000000000000057e+02
1.275000000000000000e+02
1.069000000000000057e+02
1.344000000000000057e+02
9.720000000000000284e+01
9.079999999999999716e+01
1.022000000000000028e+02
1.077999999999999972e+02
7.929999999999999716e+01
8.890000000000000568e+01
9.470000000000000284e+01
1.030000000000000000e+02
1.247999999999999972e+02
8.200000000000000000e+01
9.250000000000000000e+01
9.670000000000000284e+01
1.240000000000000000e+02
9.320000000000000284e+01
9.679999999999999716e+01
9.970000000000000284e+01
1.209000000000000057e+02
1.127999999999999972e+02
1.090000000000000000e+02
1.107000000000000028e+02
1.370999999999999943e+02
1.084000000000000057e+02
9.129999999999999716e+01
9.550000000000000000e+01
8.320000000000000284e+01
2.164000000000000057e+02
2.225000000000000000e+02
1.546999999999999886e+02
1.055999999999999943e+02
1.027000000000000028e+02
1.005000000000000000e+02
1.027999999999999972e+02
1.037999999999999972e+02
1.037000000000000028e+02
8.159999999999999432e+01
8.350000000000000000e+01
9.159999999999999432e+01
8.640000000000000568e+01
1.346999999999999886e+02
1.070000000000000000e+02
1.030000000000000000e+02
7.740000000000000568e+01
1.044000000000000057e+02
1.207999999999999972e+02
9.779999999999999716e+01
9.270000000000000284e+01
1.225999999999999943e+02
4.330000000000000000e+02
9.440000000000000568e+01
8.459999999999999432e+01
1.199000000000000057e+02
4.560000000000000142e+01
8.550000000000000000e+01
6.609999999999999432e+01
7.309999999999999432e+01
5.139999999999999858e+01
9.009999999999999432e+01
5.579999999999999716e+01
6.170000000000000284e+01
5.610000000000000142e+01
6.020000000000000284e+01
4.510000000000000142e+01
6.139999999999999858e+01
4.100000000000000000e+01
9.200000000000000000e+01
5.800000000000000000e+01
7.909999999999999432e+01
6.820000000000000284e+01
1.109000000000000057e+02
6.520000000000000284e+01
7.020000000000000284e+01
3.810000000000000142e+01
4.829999999999999716e+01
5.129999999999999716e+01
6.010000000000000142e+01
5.039999999999999858e+01
7.440000000000000568e+01
6.160000000000000142e+01
6.909999999999999432e+01
5.750000000000000000e+01
6.829999999999999716e+01
5.470000000000000284e+01
7.700000000000000000e+01
6.189999999999999858e+01
5.829999999999999716e+01
1.189000000000000057e+02
4.760000000000000142e+01
8.800000000000000000e+01
5.750000000000000000e+01
9.470000000000000284e+01
6.300000000000000000e+01
6.260000000000000142e+01
7.159999999999999432e+01
5.400000000000000000e+01
5.689999999999999858e+01
7.509999999999999432e+01
4.739999999999999858e+01
1.152000000000000028e+02
3.789999999999999858e+01
5.750000000000000000e+01
5.070000000000000284e+01
5.189999999999999858e+01
4.370000000000000284e+01
5.110000000000000142e+01
5.639999999999999858e+01
3.500000000000000000e+01
5.110000000000000142e+01
5.329999999999999716e+01
5.110000000000000142e+01
3.750000000000000000e+01
5.020000000000000284e+01
4.410000000000000142e+01
4.800000000000000000e+01
7.320000000000000284e+01
5.889999999999999858e+01
5.510000000000000142e+01
5.570000000000000284e+01
3.550000000000000000e+01
5.470000000000000284e+01
5.500000000000000000e+01
4.800000000000000000e+01
6.160000000000000142e+01
5.779999999999999716e+01
4.989999999999999858e+01
5.170000000000000284e+01
5.010000000000000142e+01
5.639999999999999858e+01
5.060000000000000142e+01
7.800000000000000000e+01
5.350000000000000000e+01
6.979999999999999716e+01
7.640000000000000568e+01
5.579999999999999716e+01
6.609999999999999432e+01
7.740000000000000568e+01
4.229999999999999716e+01
5.539999999999999858e+01
6.320000000000000284e+01
5.479999999999999716e+01
6.479999999999999716e+01
4.670000000000000284e+01
5.679999999999999716e+01
5.100000000000000000e+01
5.070000000000000284e+01
5.910000000000000142e+01
8.340000000000000568e+01
5.010000000000000142e+01
4.610000000000000142e+01
6.609999999999999432e+01
5.810000000000000142e+01
5.660000000000000142e+01
6.350000000000000000e+01
5.470000000000000284e+01
7.259999999999999432e+01
5.720000000000000284e+01
5.670000000000000284e+01
7.640000000000000568e+01
7.429999999999999716e+01
6.229999999999999716e+01
6.940000000000000568e+01
9.150000000000000000e+01
7.040000000000000568e+01
7.559999999999999432e+01
4.810000000000000142e+01
5.500000000000000000e+01
4.179999999999999716e+01
5.150000000000000000e+01
5.979999999999999716e+01
5.120000000000000284e+01
9.129999999999999716e+01
6.100000000000000000e+01
7.240000000000000568e+01
8.740000000000000568e+01
6.429999999999999716e+01
6.870000000000000284e+01
7.340000000000000568e+01
5.650000000000000000e+01
4.950000000000000000e+01
6.320000000000000284e+01
7.229999999999999716e+01
5.839999999999999858e+01
7.520000000000000284e+01
7.209999999999999432e+01
9.390000000000000568e+01
8.050000000000000000e+01
7.079999999999999716e+01
8.790000000000000568e+01
4.639999999999999858e+01
5.550000000000000000e+01
6.129999999999999716e+01
6.690000000000000568e+01
5.060000000000000142e+01
6.329999999999999716e+01
6.659999999999999432e+01
3.670000000000000284e+01
6.179999999999999716e+01
7.400000000000000000e+01
5.879999999999999716e+01
8.350000000000000000e+01
5.739999999999999858e+01
8.059999999999999432e+01
5.089999999999999858e+01
5.539999999999999858e+01
5.829999999999999716e+01
5.929999999999999716e+01
5.750000000000000000e+01
9.020000000000000284e+01
6.220000000000000284e+01
4.989999999999999858e+01
6.150000000000000000e+01
5.670000000000000284e+01
6.409999999999999432e+01
4.170000000000000284e+01
5.570000000000000284e+01
1.117000000000000028e+02
9.170000000000000284e+01
6.870000000000000284e+01
6.700000000000000000e+01
1.939999999999999858e+01
2.110000000000000142e+01
1.950000000000000000e+01
3.300000000000000000e+01
2.139999999999999858e+01
3.479999999999999716e+01
2.669999999999999929e+01
2.069999999999999929e+01
5.670000000000000284e+01
2.080000000000000071e+01
2.539999999999999858e+01
2.289999999999999858e+01
1.869999999999999929e+01
2.769999999999999929e+01
2.610000000000000142e+01
2.380000000000000071e+01
2.330000000000000071e+01
1.730000000000000071e+01
2.480000000000000071e+01
1.669999999999999929e+01
4.129999999999999716e+01
2.069999999999999929e+01
1.800000000000000000e+01
1.900000000000000000e+01
1.590000000000000036e+01
2.300000000000000000e+01
1.850000000000000000e+01
2.180000000000000071e+01
1.950000000000000000e+01
2.110000000000000142e+01
2.460000000000000142e+01
2.780000000000000071e+01
1.789999999999999858e+01
2.600000000000000000e+01
2.350000000000000000e+01
1.819999999999999929e+01
2.030000000000000071e+01
2.139999999999999858e+01
2.400000000000000000e+01
1.819999999999999929e+01
2.039999999999999858e+01
2.189999999999999858e+01
1.769999999999999929e+01
2.439999999999999858e+01
1.780000000000000071e+01
2.330000000000000071e+01
2.619999999999999929e+01
2.150000000000000000e+01
4.779999999999999716e+01
2.969999999999999929e+01
3.939999999999999858e+01
2.660000000000000142e+01
2.469999999999999929e+01
1.950000000000000000e+01
2.410000000000000142e+01
3.150000000000000000e+01
3.039999999999999858e+01
3.229999999999999716e+01
3.479999999999999716e+01
2.280000000000000071e+01
2.269999999999999929e+01
2.510000000000000142e+01
2.760000000000000142e+01
2.510000000000000142e+01
2.339999999999999858e+01
2.810000000000000142e+01
2.489999999999999858e+01
2.169999999999999929e+01
2.689999999999999858e+01
2.510000000000000142e+01
3.300000000000000000e+01
2.439999999999999858e+01
2.630000000000000071e+01
3.150000000000000000e+01
2.119999999999999929e+01
3.350000000000000000e+01
2.250000000000000000e+01
2.069999999999999929e+01
3.010000000000000142e+01
3.379999999999999716e+01
2.539999999999999858e+01
2.769999999999999929e+01
3.169999999999999929e+01
2.450000000000000000e+01
2.630000000000000071e+01
2.439999999999999858e+01
2.139999999999999858e+01
2.539999999999999858e+01
2.939999999999999858e+01
4.410000000000000142e+01
2.680000000000000071e+01
3.030000000000000071e+01
3.939999999999999858e+01
2.880000000000000071e+01
3.560000000000000142e+01
3.510000000000000142e+01
2.689999999999999858e+01
2.980000000000000071e+01
3.500000000000000000e+01
2.819999999999999929e+01
2.850000000000000000e+01
3.810000000000000142e+01
4.300000000000000000e+01
2.910000000000000142e+01
2.989999999999999858e+01
3.260000000000000142e+01
2.660000000000000142e+01
2.669999999999999929e+01
4.679999999999999716e+01
4.079999999999999716e+01
5.070000000000000284e+01
3.660000000000000142e+01
4.150000000000000000e+01
3.689999999999999858e+01
4.200000000000000000e+01
2.489999999999999858e+01
4.360000000000000142e+01
2.410000000000000142e+01
3.670000000000000284e+01
3.920000000000000284e+01
3.189999999999999858e+01
3.539999999999999858e+01
4.729999999999999716e+01
3.350000000000000000e+01
3.360000000000000142e+01
2.919999999999999929e+01
2.750000000000000000e+01
3.250000000000000000e+01
3.670000000000000284e+01
3.800000000000000000e+01
3.210000000000000142e+01
3.080000000000000071e+01
3.320000000000000284e+01
2.760000000000000142e+01
3.689999999999999858e+01
2.969999999999999929e+01
4.589999999999999858e+01
3.629999999999999716e+01
3.239999999999999858e+01
7.109999999999999432e+01
3.629999999999999716e+01
3.089999999999999858e+01
4.220000000000000284e+01
3.520000000000000284e+01
2.569999999999999929e+01
2.489999999999999858e+01
5.020000000000000284e+01
6.179999999999999716e+01
3.229999999999999716e+01
3.550000000000000000e+01
4.810000000000000142e+01
3.910000000000000142e+01
4.789999999999999858e+01
3.229999999999999716e+01
3.820000000000000284e+01
3.589999999999999858e+01
3.689999999999999858e+01
3.570000000000000284e+01
4.220000000000000284e+01
4.050000000000000000e+01
4.470000000000000284e+01
3.400000000000000000e+01
3.389999999999999858e+01
2.860000000000000142e+01
3.500000000000000000e+01
3.589999999999999858e+01
2.980000000000000071e+01
3.620000000000000284e+01
4.029999999999999716e+01
3.239999999999999858e+01
3.489999999999999858e+01
2.960000000000000142e+01
2.800000000000000000e+01
2.719999999999999929e+01
3.160000000000000142e+01
3.229999999999999716e+01
3.970000000000000284e+01
5.670000000000000284e+01
5.200000000000000000e+01
5.200000000000000000e+01
3.560000000000000142e+01
3.839999999999999858e+01
3.080000000000000071e+01
3.629999999999999716e+01
2.950000000000000000e+01
5.129999999999999716e+01
4.920000000000000284e+01
5.100000000000000000e+01
3.080000000000000071e+01
3.570000000000000284e+01
3.260000000000000142e+01
3.089999999999999858e+01
4.439999999999999858e+01
3.850000000000000000e+01
3.050000000000000000e+01
3.460000000000000142e+01
4.429999999999999716e+01
4.370000000000000284e+01
5.070000000000000284e+01
4.110000000000000142e+01
3.260000000000000142e+01
4.039999999999999858e+01
4.429999999999999716e+01
3.250000000000000000e+01
3.779999999999999716e+01
4.770000000000000284e+01
4.650000000000000000e+01
4.229999999999999716e+01
5.310000000000000142e+01
4.389999999999999858e+01
3.770000000000000284e+01
3.739999999999999858e+01
3.520000000000000284e+01
3.720000000000000284e+01
3.950000000000000000e+01
3.400000000000000000e+01
2.889999999999999858e+01
2.730000000000000071e+01
3.089999999999999858e+01
4.429999999999999716e+01
3.970000000000000284e+01
3.739999999999999858e+01
4.320000000000000284e+01
3.169999999999999929e+01
3.189999999999999858e+01
3.700000000000000000e+01
3.489999999999999858e+01
3.570000000000000284e+01
3.739999999999999858e+01
3.160000000000000142e+01
3.080000000000000071e+01
3.539999999999999858e+01
2.910000000000000142e+01
3.420000000000000284e+01
3.570000000000000284e+01
3.229999999999999716e+01
2.689999999999999858e+01
3.600000000000000000e+01
3.560000000000000142e+01
3.779999999999999716e+01
3.050000000000000000e+01
4.429999999999999716e+01
4.229999999999999716e+01
3.889999999999999858e+01
4.589999999999999858e+01
4.079999999999999716e+01
5.520000000000000284e+01
3.239999999999999858e+01
4.450000000000000000e+01
3.679999999999999716e+01
4.010000000000000142e+01
5.289999999999999858e+01
4.629999999999999716e+01
4.110000000000000142e+01
3.510000000000000142e+01
3.300000000000000000e+01
3.200000000000000000e+01
3.250000000000000000e+01
5.210000000000000142e+01
4.879999999999999716e+01
8.409999999999999432e+01
3.139999999999999858e+01
4.300000000000000000e+01
3.360000000000000142e+01
3.600000000000000000e+01
3.400000000000000000e+01
2.850000000000000000e+01
2.669999999999999929e+01
2.680000000000000071e+01
3.050000000000000000e+01
2.780000000000000071e+01
3.879999999999999716e+01
3.650000000000000000e+01
2.819999999999999929e+01
2.589999999999999858e+01
2.119999999999999929e+01
3.389999999999999858e+01
3.979999999999999716e+01
3.279999999999999716e+01
4.360000000000000142e+01
2.919999999999999929e+01
3.689999999999999858e+01
3.629999999999999716e+01
3.550000000000000000e+01
2.019999999999999929e+01
2.700000000000000000e+01
2.700000000000000000e+01
2.939999999999999858e+01
3.160000000000000142e+01
2.810000000000000142e+01
3.270000000000000284e+01
3.639999999999999858e+01
3.700000000000000000e+01
3.679999999999999716e+01
3.900000000000000000e+01
3.939999999999999858e+01
4.210000000000000142e+01
3.689999999999999858e+01
3.620000000000000284e+01
4.889999999999999858e+01
3.710000000000000142e+01
2.980000000000000071e+01
3.139999999999999858e+01
3.329999999999999716e+01
2.500000000000000000e+01
2.919999999999999929e+01
4.110000000000000142e+01
3.439999999999999858e+01
2.769999999999999929e+01
4.350000000000000000e+01
4.650000000000000000e+01
3.950000000000000000e+01
3.770000000000000284e+01
4.320000000000000284e+01
4.800000000000000000e+01
3.520000000000000284e+01
4.239999999999999858e+01
3.500000000000000000e+01
4.700000000000000000e+01
4.589999999999999858e+01
3.750000000000000000e+01
5.720000000000000284e+01
4.110000000000000142e+01
4.479999999999999716e+01
4.320000000000000284e+01
4.289999999999999858e+01
4.439999999999999858e+01
3.600000000000000000e+01
3.529999999999999716e+01
3.470000000000000284e+01
4.129999999999999716e+01
4.060000000000000142e+01
3.810000000000000142e+01
3.400000000000000000e+01
4.070000000000000284e+01
4.710000000000000142e+01
2.860000000000000142e+01
2.310000000000000142e+01
3.050000000000000000e+01
2.719999999999999929e+01
2.900000000000000000e+01
2.710000000000000142e+01
2.719999999999999929e+01
3.760000000000000142e+01
2.160000000000000142e+01
2.100000000000000000e+01
3.600000000000000000e+01
2.889999999999999858e+01
2.780000000000000071e+01
3.500000000000000000e+01
2.630000000000000071e+01
3.660000000000000142e+01
3.089999999999999858e+01
2.510000000000000142e+01
3.339999999999999858e+01
3.080000000000000071e+01
4.529999999999999716e+01
4.229999999999999716e+01
1.989999999999999858e+01
3.750000000000000000e+01
3.169999999999999929e+01
3.739999999999999858e+01
3.889999999999999858e+01
3.839999999999999858e+01
2.980000000000000071e+01
3.329999999999999716e+01
3.279999999999999716e+01
4.120000000000000284e+01
3.130000000000000071e+01
3.560000000000000142e+01
3.039999999999999858e+01
3.450000000000000000e+01
3.450000000000000000e+01
3.370000000000000284e+01
3.650000000000000000e+01
3.600000000000000000e+01
3.989999999999999858e+01
5.650000000000000000e+01
