1.856421327245853597e-04
1.856391018506284925e-04
1.855972655115493974e-04
1.855719426225868271e-04
1.855313206383540935e-04
1.854760560821861067e-04
1.854743287836130533e-04
1.854550650976536459e-04
1.853135589960979378e-04
1.852981409226298753e-04
1.852950821348009209e-04
1.849696623579562943e-04
1.849641626803754095e-04
1.849634737737807704e-04
1.849616670473595750e-04
1.849607218986664054e-04
1.849597530169993706e-04
1.849548734176824220e-04
1.849274306126443782e-04
1.849187925733796823e-04
1.849180838765606793e-04
1.849166242062236590e-04
1.849159494933727479e-04
1.849132541205580752e-04
1.849113584499635914e-04
1.849069024902214248e-04
1.849042959705895117e-04
1.849029405792254805e-04
1.849015567400173526e-04
1.848835960492521626e-04
1.848839333690848461e-04
1.848921266374724314e-04
1.848941971045824203e-04
1.848835797509945514e-04
1.848464482579469678e-04
1.848453114571844210e-04
1.848355653797904309e-04
1.848279070825235252e-04
1.848260293324820766e-04
1.848244456418450315e-04
1.848228810227184164e-04
1.847697893485434706e-04
1.847692012236473833e-04
1.847685667582164794e-04
1.847686361347911142e-04
1.847566537225797895e-04
1.847548524460005336e-04
1.847452733643681637e-04
1.847446763509913046e-04
1.847377913793913295e-04
1.847377568830876481e-04
1.847331080582978729e-04
1.847319538934677041e-04
1.847307582854338759e-04
1.847178523611157030e-04
1.846276292087163586e-04
1.846278617329644785e-04
1.846279978450914190e-04
1.846718160000571237e-04
1.845519131377368945e-04
1.845515599021872787e-04
1.845693495256483748e-04
1.846213689409752299e-04
1.846199945896146485e-04
1.846202047821138238e-04
1.846201959266040467e-04
1.845993514259025917e-04
1.845981080233507999e-04
1.845983104335107219e-04
1.845986111940862919e-04
1.845820831865314232e-04
1.845817148815366582e-04
1.845810318245538295e-04
1.845670091399092985e-04
1.845673572900010891e-04
1.845678999981093329e-04
1.846258711036176262e-04
1.846255032058915352e-04
1.846249685448308846e-04
1.846244447228599780e-04
1.846047446706598218e-04
1.846039864689257319e-04
1.846003310123736673e-04
1.845904724620614913e-04
1.845891719557224517e-04
1.845874912854168347e-04
1.845846269486335590e-04
1.845825134003469231e-04
1.845828985655451613e-04
1.845841472429716741e-04
1.845848419145617821e-04
1.845847792039635932e-04
1.845919566344244082e-04
1.845915173259601275e-04
1.845911637842950271e-04
1.845891657750248151e-04
1.845886217990848658e-04
1.845883981988452507e-04
1.845884508895240565e-04
1.845880805697333550e-04
1.845877934785023042e-04
1.845872998663188958e-04
1.845885900581736697e-04
1.845889983067491586e-04
1.845896868530479118e-04
1.845906065859559094e-04
1.845903063000867139e-04
1.845902049807246611e-04
1.845903079314395901e-04
1.845866284435059045e-04
1.845862537303314072e-04
1.845851163382151256e-04
1.845847218228266690e-04
1.845845428280505011e-04
1.845846521689137147e-04
1.845847707363858529e-04
1.845874297338321777e-04
1.845859902181636730e-04
1.845851233711668748e-04
1.845847813059569502e-04
1.845852881166721985e-04
1.845859732774307040e-04
1.845907248205414430e-04
1.845904056871815679e-04
1.845902139754235271e-04
1.845890932314321815e-04
1.845882040971200794e-04
1.845882774089000931e-04
1.845998071506799783e-04
1.845999142501436618e-04
1.846001669776156954e-04
1.845872242556050253e-04
1.845875673974127994e-04
1.845878041036630218e-04
1.846325474151993011e-04
1.846354691163365393e-04
1.846369056168719247e-04
1.846403499345780803e-04
1.846407196774881433e-04
1.846423831901565515e-04
1.846432422387252680e-04
1.846439096778103881e-04
1.846465634337619475e-04
1.846818132498106362e-04
1.846836237399597405e-04
1.846843485795377751e-04
1.846852699106979023e-04
1.846869045533551924e-04
1.846887849187611090e-04
1.846908554627376981e-04
1.846976305821733074e-04
1.846985085687099170e-04
1.847059121465789049e-04
1.847076426090189403e-04
1.846725451257754758e-04
1.846716871780031881e-04
1.846708223467922842e-04
1.846732937914578486e-04
1.846731405956928015e-04
1.846733644733156491e-04
1.846762350877589301e-04
1.846803427351238649e-04
1.846815018819490477e-04
1.846899664364408096e-04
1.846906179330382568e-04
1.846944244895566819e-04
1.846971833344489646e-04
1.847147612805325845e-04
1.847141640487185593e-04
1.847136949684228212e-04
1.847136208080211246e-04
1.847132445177545462e-04
1.847041789478005868e-04
1.847043549929847951e-04
1.847042096182999031e-04
1.846932440403694438e-04
1.846935905890636175e-04
1.846996564041103212e-04
1.846929178435995718e-04
1.846834215018148628e-04
1.846832251366384921e-04
1.846868986738120293e-04
1.846907597286250578e-04
1.846912295665570456e-04
1.846921900940244241e-04
1.847255817458150445e-04
1.847516262153117630e-04
1.847535973814349393e-04
1.847546645921132485e-04
1.847570943229635495e-04
1.847587163764720136e-04
1.847602010960249636e-04
1.847654939417946217e-04
1.847670464187619428e-04
1.847742971367213318e-04
1.847748148703776800e-04
1.847764215742147946e-04
1.847777408266446954e-04
1.847779728227677185e-04
1.847778376790433009e-04
1.847929029728719594e-04
1.847928932689205854e-04
1.847927070820026244e-04
1.847923214909183074e-04
1.847915562436754555e-04
1.847910116941873528e-04
1.847905693531426191e-04
1.847896422763010006e-04
1.847829339977295066e-04
1.847815151694649674e-04
1.847852380315952484e-04
1.848040035627551269e-04
1.848517189663896880e-04
1.848533159092233008e-04
1.849556914977553443e-04
1.849580801777591396e-04
1.851425951694100772e-04
1.851462124609963252e-04
1.853720608144979686e-04
1.865101653415597810e-04
1.865162534861032704e-04
1.865223688255020955e-04
1.865279407598372983e-04
1.865661920057944990e-04
1.866023140572198866e-04
1.866264305459982794e-04
1.866943534167055942e-04
1.867003709912990806e-04
1.867062981520321407e-04
1.867342572223294598e-04
1.889512270465894023e-04
1.889621125619490849e-04
1.889621006019124184e-04
1.892207684080133602e-04
1.892207500338799280e-04
1.897533437327694045e-04
1.897560857926151087e-04
1.897587977779578391e-04
1.897615368378970135e-04
1.897643600551217661e-04
1.897696774134842261e-04
1.917932858193963064e-04
1.918115632882103029e-04
1.918331415938435069e-04
1.919562204928969610e-04
1.922484947654120235e-04
1.922703171558304888e-04
1.926519491393694850e-04
1.927906210814716551e-04
1.927963105523825720e-04
1.928075685145639294e-04
1.930144003500113405e-04
1.930257895342327949e-04
1.931902543086029425e-04
1.933263551170014366e-04
1.933328214828748594e-04
1.937859376179597293e-04
1.937922140567587860e-04
1.937983940050298185e-04
1.941789466916236766e-04
1.945473504467780889e-04
1.945548115514090224e-04
1.947243283668738270e-04
1.947313227404573954e-04
1.949909096677168870e-04
1.949992667163732789e-04
1.950075582432675555e-04
1.951914653018975117e-04
1.951985005592626562e-04
1.953093976523589948e-04
1.953321175139520938e-04
1.953629720325129426e-04
1.954177544936307968e-04
1.954584047359540864e-04
1.958375841554953537e-04
1.958437349141638553e-04
1.963247731601981899e-04
1.963291863488255274e-04
1.963337666935483893e-04
1.964247579293314943e-04
1.965857989885438537e-04
1.965908506866468166e-04
1.967096820084709009e-04
1.967647607237182461e-04
1.967689732848908570e-04
1.967773600749909318e-04
1.968701502681359104e-04
1.969951048999852303e-04
1.969992412634337126e-04
1.970032114591153656e-04
1.991185172134790225e-04
1.991238599400202587e-04
1.991393608599006688e-04
1.991584569741547579e-04
1.992693933311442045e-04
1.992751348323829757e-04
1.992810704727697555e-04
1.995846619919664985e-04
1.995916383037248110e-04
1.995983501594310414e-04
1.996048130581566985e-04
1.997478910971435670e-04
1.997680487273980005e-04
1.999457119744376689e-04
1.999537876501741970e-04
1.999613659117045739e-04
1.999765945883814444e-04
2.001626952858004090e-04
2.001710253212717094e-04
2.001794322473490339e-04
2.001880885183338998e-04
2.001964324459257270e-04
2.002044974631143990e-04
2.002121621187111017e-04
2.002199931904000011e-04
2.002276507146024060e-04
2.002433727709011834e-04
2.002510126953886357e-04
2.003275551141196374e-04
2.003355052751094845e-04
2.003433272334946308e-04
2.003511049796644810e-04
2.003738862463588799e-04
2.003811480348053253e-04
2.004037062393819295e-04
2.004275619201357041e-04
2.004361688054968600e-04
2.004520308497659091e-04
2.006444085365173720e-04
2.006519439293515800e-04
2.006591808723805811e-04
2.006667032456507923e-04
2.006740549621510651e-04
2.006814824745158229e-04
2.006893047740343679e-04
2.008733583493448396e-04
2.008803710918799772e-04
2.008875713327154208e-04
2.008952217516956533e-04
2.009024084772820641e-04
2.010819609514134484e-04
2.010893121752729080e-04
2.010970646722179281e-04
2.011215309897875815e-04
2.011298017911444694e-04
2.013097628833225875e-04
2.013232251817207873e-04
2.015473149966706744e-04
2.015556193230028657e-04
2.015641518405761334e-04
2.015725425636092619e-04
2.015892070525398920e-04
2.015974163048888377e-04
2.017806708314053542e-04
2.017884572568091038e-04
2.020327212204935574e-04
2.020407911352436710e-04
2.020488374575717420e-04
2.020570345355464945e-04
2.020648907641016487e-04
2.020725339090846402e-04
2.022343251074727104e-04
2.022826481793377847e-04
2.022891640919696949e-04
2.023169274851752966e-04
2.024220795401115926e-04
2.024347016689518979e-04
2.024480289019823804e-04
2.024549918834956362e-04
2.024624161019425753e-04
2.025096263744351438e-04
2.025154327145884802e-04
2.025211805675943997e-04
2.025400714140357318e-04
2.025464270632601710e-04
2.026203537971971679e-04
2.026267648910435638e-04
2.026331528120626417e-04
2.026391396454630355e-04
2.026450039750904615e-04
2.026508811013447099e-04
2.026570317053239618e-04
2.026691940690555514e-04
2.026980745216412888e-04
2.028141524861709340e-04
2.028200568272073409e-04
2.028262162698139868e-04
2.028324587354576728e-04
2.028383893400956977e-04
2.028438677327646256e-04
2.028492311808129459e-04
2.029776891201927585e-04
2.029834915848665407e-04
2.029890689646330129e-04
2.029999477834162425e-04
2.030199612274107121e-04
2.030245724428736474e-04
2.030295437372986185e-04
2.030345369713492971e-04
2.031066872122654088e-04
2.031114079045429207e-04
2.031162244153346614e-04
2.031335929706755807e-04
2.031453481051648995e-04
2.031508585347340868e-04
2.031568693922985677e-04
2.031696342819319147e-04
2.031763656833578970e-04
2.031957376455495771e-04
2.032561219531029643e-04
2.032633558240121228e-04
2.032704238021430885e-04
2.032848501031148830e-04
2.032922356256490828e-04
2.032994633062967761e-04
2.033145004057416766e-04
2.033219131588232290e-04
2.033434002012071695e-04
2.033642162214483926e-04
2.033858707493896030e-04
2.033998250359822090e-04
2.035553335307125548e-04
2.035637493156031391e-04
2.035799534030129608e-04
2.035878773536566044e-04
2.035956522087968351e-04
2.036032030445906170e-04
2.036101999634005034e-04
2.036169855924245108e-04
2.036236034270556632e-04
2.036298046504903469e-04
2.036412962185250343e-04
2.036466207567741438e-04
2.036526553730866860e-04
2.036584936072835539e-04
2.036648120378067547e-04
2.037669350279387292e-04
2.037873767436313875e-04
2.037994291861228440e-04
2.038491060236570095e-04
2.040593436952771325e-04
2.041638485919722073e-04
2.041702979574422394e-04
2.041767081264305448e-04
2.041831357275203482e-04
2.041894480186122191e-04
2.041957197387173344e-04
2.042018111484174151e-04
2.042131204497002537e-04
2.042774868801903760e-04
2.043080665674947038e-04
2.043141810158195034e-04
2.043204271615909793e-04
2.043269891815387173e-04
2.043334169812943387e-04
2.043459305700831314e-04
2.044124041080026019e-04
2.044172117338208835e-04
2.044352913168998194e-04
2.044396064698160702e-04
2.044572016695286897e-04
2.044668226581924529e-04
2.044768890576468775e-04
2.044818989754004508e-04
2.044924578181268264e-04
2.044974455741123463e-04
2.045367904664895000e-04
2.045410591878784809e-04
2.045489877543370163e-04
2.045530662150745252e-04
2.045572199651012144e-04
2.045756820343801435e-04
2.045807724436840449e-04
2.045859850524503281e-04
2.046019483238314647e-04
2.046403664598349359e-04
2.046503008665062021e-04
2.046662432914726293e-04
2.046714030572150105e-04
2.046804641427895223e-04
2.046901565074692501e-04
2.047878703349414076e-04
2.048837976996063716e-04
2.048901849454754095e-04
2.048961221757328939e-04
2.049142537206486542e-04
2.049198614908188075e-04
2.049368165992730825e-04
2.049423888292673987e-04
2.049483374438631795e-04
2.049544138617454686e-04
2.049602958314899906e-04
2.049662522114344652e-04
2.049835797964178526e-04
2.049893158913210613e-04
2.049952446386638712e-04
2.050128131394850478e-04
2.050301686630719329e-04
2.050424713070602800e-04
2.050964326017761408e-04
2.051113552845578315e-04
2.051185338447517807e-04
2.051259773706823645e-04
2.051478256744639734e-04
2.051549520853314531e-04
2.051624586213885045e-04
2.051692443661107344e-04
2.051814320925954814e-04
2.051872185755201363e-04
2.051931525848292375e-04
2.051992900753082407e-04
2.052051742479121311e-04
2.052103786861855675e-04
2.052216391826595791e-04
2.052270539576320555e-04
2.052324249011116262e-04
2.052677579310926417e-04
2.052839374386502039e-04
2.052901678359678422e-04
2.052963738745732761e-04
2.053026642123046851e-04
2.053086810843876662e-04
2.053147575786213425e-04
2.053219136417789399e-04
2.053293743055471950e-04
2.053367917044049700e-04
2.053445608833079968e-04
2.053519202654243228e-04
2.054471880960175619e-04
2.054620769046611932e-04
2.054692778064196946e-04
2.054758911990803196e-04
2.054824173848498223e-04
2.054884688865641327e-04
2.054941524185874301e-04
2.055001528413178704e-04
2.055535449020806529e-04
2.055599827952788491e-04
2.055726435118590100e-04
2.055781231566738401e-04
2.055839070188854409e-04
2.055905698587724630e-04
2.056044844758224074e-04
2.056108523884445549e-04
2.056169660090821248e-04
2.056232335926094681e-04
2.056546851537979206e-04
2.056610245621644717e-04
2.057125204120848025e-04
2.057183121233442853e-04
2.057350586883593968e-04
2.057405934254991889e-04
2.057518580768312444e-04
2.057576263874966020e-04
2.057690344000022843e-04
2.057744696515332249e-04
2.057803330183283251e-04
2.057909421111319662e-04
2.058012856826690125e-04
2.058117879687380272e-04
2.058392525524586339e-04
2.059419865756985629e-04
2.059475193540653674e-04
2.061119159672563132e-04
2.061186739987053249e-04
2.061254589621625010e-04
2.061318871555748822e-04
2.061378009276334145e-04
2.061486784839436078e-04
2.061542293589149223e-04
2.061712367092716246e-04
2.061825036134630918e-04
2.061880742176225789e-04
2.061933510954071106e-04
2.061980436878435650e-04
2.062024855808013461e-04
2.062112934858350351e-04
2.062153379931478097e-04
2.062194079782262064e-04
2.062242020256231960e-04
2.062296931749340581e-04
2.062353194084149527e-04
2.062412067744042051e-04
2.062465795513403937e-04
2.062568281350898663e-04
2.062619287733866050e-04
2.062674160723144826e-04
2.062730099687876042e-04
2.062847031431930495e-04
2.062903555484111933e-04
2.062955822895548466e-04
2.063005105596720412e-04
2.063048297378525719e-04
2.063090066589311439e-04
2.063129400678771926e-04
2.063173318994537180e-04
2.063296957584952196e-04
2.064073932642793271e-04
2.064118330535890419e-04
2.064208147826790082e-04
2.064253421766090854e-04
2.064882669438274272e-04
2.065015687303940989e-04
2.065058484405031861e-04
2.065102829608674105e-04
2.065469836224424456e-04
2.065578972146789435e-04
2.065662066862541989e-04
2.065701139879072437e-04
2.065738824864725312e-04
2.065773813689081577e-04
2.066648143156175259e-04
2.066679301199816909e-04
2.066781065275619881e-04
2.066816487254771544e-04
2.066877245759624027e-04
2.067216074014052566e-04
2.067271948198219243e-04
2.067298435950520007e-04
2.067325031223526705e-04
2.067351566366621828e-04
2.067417974881910763e-04
2.067941804465883346e-04
2.067982771268964712e-04
2.068024188256548383e-04
2.068067290484486439e-04
2.068108935744749732e-04
2.068148794410682161e-04
2.068359677706240222e-04
2.068450808472534956e-04
2.068606408416762284e-04
2.068660812094053785e-04
2.068712514703791527e-04
2.068859136177300488e-04
2.068911386237405603e-04
2.068959703165063600e-04
2.069007295019535968e-04
2.069100424423045090e-04
2.069154207831518457e-04
2.069932675001243886e-04
2.069980716632706266e-04
2.070025978572024867e-04
2.070071006682335608e-04
2.070117891938588913e-04
2.070269454510528079e-04
2.070325173371185168e-04
2.070382634424402179e-04
2.070497709873511671e-04
2.070622359774153872e-04
2.070687020086431145e-04
2.070749100717964768e-04
2.071579981783288336e-04
2.071766585352380016e-04
2.071829669570360711e-04
2.071892624333240797e-04
2.071956746439386661e-04
2.072151957986448085e-04
2.072219483856830831e-04
2.072288725635496281e-04
2.072358768019396237e-04
2.072493008222093267e-04
2.072833331400769402e-04
2.074125403226184878e-04
2.074279049461080033e-04
2.074354587120055902e-04
2.076048231778550226e-04
2.076127110546352331e-04
2.076445468623543567e-04
2.076521748762000382e-04
2.076594822088574915e-04
2.076666716812498317e-04
2.076738378382817331e-04
2.076809465906662741e-04
2.076879365265929490e-04
2.076950992057796414e-04
2.077020303638091347e-04
2.077156952556330667e-04
2.077219002387560034e-04
2.077555877572515931e-04
2.077848506047477446e-04
2.077925987235674067e-04
2.078005651055239895e-04
2.078085814076213744e-04
2.078246015018758220e-04
2.078904743034779663e-04
2.078984836829294094e-04
2.079206498952457748e-04
2.081119061825260441e-04
2.081186317909602349e-04
2.081258665372380187e-04
2.081328833096012226e-04
2.081393577131410437e-04
2.084285437591170288e-04
2.085475227868632050e-04
2.085535035582064111e-04
2.085995891501492522e-04
2.086229052791053909e-04
2.087007212489865645e-04
2.087081740052263465e-04
2.087153426211858136e-04
2.087226288532924626e-04
2.087300744357706327e-04
2.087440472867600034e-04
2.088955527834177115e-04
2.090152490769460838e-04
2.090227729904904695e-04
2.090389037392624484e-04
2.090470082997523168e-04
2.090555076363044757e-04
2.090638861129101805e-04
2.090809259699508594e-04
2.090884328391427434e-04
2.090954036464667180e-04
2.091025185652828551e-04
2.091162547173940089e-04
2.091294353325929276e-04
2.091365502764876638e-04
2.092597613542778237e-04
2.092653341928066301e-04
2.093084435507655159e-04
2.093136492575172760e-04
2.093248508658388223e-04
2.093305896144979081e-04
2.093357341080427745e-04
2.093407233819606942e-04
2.093459945959508955e-04
2.093712151557140713e-04
2.093777545118516632e-04
2.093896050416780381e-04
2.093953207105245674e-04
2.094016508864894913e-04
2.094083985084554131e-04
2.094151977266101364e-04
2.094221631551747428e-04
2.094354954659317675e-04
2.094597067285782215e-04
2.094658038969524658e-04
2.094716656745300117e-04
2.094777396054768115e-04
2.094835161509285028e-04
2.094892567026538570e-04
2.094948492611438146e-04
2.095003995114710482e-04
2.095061336363257564e-04
2.095115219423811953e-04
2.095166396019377967e-04
2.095221175062835298e-04
2.095275644161159918e-04
2.095879304854026879e-04
2.095929813842274724e-04
2.095976519135823134e-04
2.096023012311282066e-04
2.096072313223555042e-04
2.096115542689720105e-04
2.096152311373389147e-04
2.096188253118495804e-04
2.096222566230587607e-04
2.096256372267023803e-04
2.096291907491702787e-04
2.096331553335346941e-04
2.096375280654567714e-04
2.096418645737868245e-04
2.096461280437577441e-04
2.096501067564517692e-04
2.096543730104274050e-04
2.096715872418887213e-04
2.096760574315347913e-04
2.096805440568273249e-04
2.096852120892760010e-04
2.096900250260800376e-04
2.097119921647890863e-04
2.097173990919147058e-04
2.097227723417748404e-04
2.097285287402093662e-04
2.097389136896861698e-04
2.097437171804507154e-04
2.097482228216250274e-04
2.097528098868101836e-04
2.097570940917347065e-04
2.097613047561478752e-04
2.097655574420945136e-04
2.097698512253808219e-04
2.097741429477065428e-04
2.097786705835968533e-04
2.097880798396075048e-04
2.097926332527713330e-04
2.098512079327074229e-04
2.098571867841116762e-04
2.098633129145780309e-04
2.098697026513215188e-04
2.098765612572232138e-04
2.098834481983627648e-04
2.098968995536543548e-04
2.099101726348838741e-04
2.099167894329977461e-04
2.099230822028439944e-04
2.099294384476549206e-04
2.099359485819861685e-04
2.099423900672218123e-04
2.100033213919069047e-04
2.100910546749164005e-04
2.100968775678538640e-04
2.101199676557337381e-04
2.101265381062543934e-04
2.103589902995190721e-04
2.103680975817621718e-04
2.103768951296924481e-04
2.103854863046737212e-04
2.104284460289525943e-04
2.104366207115305847e-04
2.104442601142648235e-04
2.106156175875157569e-04
2.106224635022936652e-04
2.106290547814306316e-04
2.106358925055400188e-04
2.106432017542233224e-04
2.108389206703799703e-04
2.108521453667527943e-04
2.108590576528904183e-04
2.108659909967313935e-04
2.109146443120197330e-04
2.109215111485956810e-04
2.109283350149294370e-04
2.110200122558461816e-04
2.110369932589907114e-04
2.110433409929999009e-04
2.110499946463088839e-04
2.110562171089481087e-04
2.111361733457274266e-04
2.111419018525014001e-04
2.111548761168156158e-04
2.111618262632742108e-04
2.111682891910946771e-04
2.111741714978470459e-04
2.111802818981200753e-04
2.111866953310934645e-04
2.111932105914833069e-04
2.111994100349479390e-04
2.112056905844363237e-04
2.112180922106878932e-04
2.112244580423926525e-04
2.112307928026462814e-04
2.112439259211389250e-04
2.112505378544104627e-04
2.113514729242523882e-04
2.113575545301577300e-04
2.113693782596424823e-04
2.113753165714795626e-04
2.114258264456135800e-04
2.114319203822864323e-04
2.114377251814983491e-04
2.114433076407343812e-04
2.114491930723949597e-04
2.114550668320122964e-04
2.114828202648112937e-04
2.115528532493109919e-04
2.115578865890276104e-04
2.115691032648618240e-04
2.117157003847749313e-04
2.117225129566635176e-04
2.117369505584582468e-04
2.117442918689381546e-04
2.117513694377116907e-04
2.117579696014612665e-04
2.117647412573789377e-04
2.119420427125809608e-04
2.119492460094861788e-04
2.119562609074732401e-04
2.119712541839624596e-04
2.121397999167547925e-04
2.121466655779690391e-04
2.121538735604543331e-04
2.121612016893434393e-04
2.121684975424107734e-04
2.121751876621497297e-04
2.121819471909630129e-04
2.123042890901088585e-04
2.123096326124215296e-04
2.123149593356644428e-04
2.123335048679571616e-04
2.123392767921666890e-04
2.123447323172123760e-04
2.123501233558983158e-04
2.123554187943342358e-04
2.123611601679787828e-04
2.123674219440229967e-04
2.123802105435876331e-04
2.124783246043938413e-04
2.124956654792075923e-04
2.125010561475396923e-04
2.125064006419860054e-04
2.125120777678064505e-04
2.125484829206346728e-04
2.125529087374596515e-04
2.125572755300653345e-04
2.126494698107481423e-04
2.126636967520953436e-04
2.126685929828859157e-04
2.126736517917396688e-04
2.126839219272500870e-04
2.126890608322749095e-04
2.126983797268193130e-04
2.127064083704369190e-04
2.127659181061410663e-04
2.127706640174637735e-04
2.127752628645143977e-04
2.127795753481156028e-04
2.127839633364496180e-04
2.127928352762994935e-04
2.128826474890680169e-04
2.128879102689541357e-04
2.128934500790327687e-04
2.128991873062201310e-04
2.129049764606656410e-04
2.129110463185241928e-04
2.129233452541396028e-04
2.129370752246642910e-04
2.131764225410355063e-04
2.133942191343333702e-04
2.134021760884907541e-04
2.134101666140881181e-04
2.134185136424569590e-04
2.134439966772426185e-04
2.134524558622802586e-04
2.135677287473362223e-04
2.135826370545640515e-04
2.135901314614216298e-04
2.136055668107837864e-04
2.136132514454613246e-04
2.137194495941378706e-04
2.137271742562526112e-04
2.138807025406345324e-04
2.140002792888176834e-04
2.140076174123619853e-04
2.140150047419034471e-04
2.140223937120670631e-04
2.142941377161954270e-04
2.142992416717397111e-04
2.143046699566840017e-04
2.143098798691994017e-04
2.143149037027712611e-04
2.143202004854522359e-04
2.144147427695871396e-04
2.144206189409857003e-04
2.144315341859758970e-04
2.144372810164616675e-04
2.144550002712644350e-04
2.144612378343335453e-04
2.145637153114773670e-04
2.145692872223863219e-04
2.145748794159537504e-04
2.145805985944112572e-04
2.145856446379354725e-04
2.145908829748555482e-04
2.145959277366242730e-04
2.146010977989104638e-04
2.146063443999038573e-04
2.146822917898038826e-04
2.146928765677069261e-04
2.149668520539301799e-04
2.149744676050296401e-04
2.149819143908224392e-04
2.149890946035050811e-04
2.149961814315434132e-04
2.152630267818025672e-04
2.152697755040668896e-04
2.152768242448227076e-04
2.152838971803892312e-04
2.152912333069265897e-04
2.155415080719902160e-04
2.155506804462628198e-04
2.155705184324292810e-04
2.155757456704301012e-04
2.155920553168857751e-04
2.156090090384831935e-04
2.156144984465905743e-04
2.156201323164696831e-04
2.156250390875646971e-04
2.157061495732234607e-04
2.157253755311013856e-04
2.157297405749077752e-04
2.158293489858892963e-04
2.158998410844572907e-04
2.159070674623335352e-04
2.159142592785190037e-04
2.159213468336192198e-04
2.160899198405915374e-04
2.160969287167951579e-04
2.161044784494928640e-04
2.161121650735225530e-04
2.161198618717792628e-04
2.161277576248421886e-04
2.161358726862708257e-04
2.161439894469685519e-04
2.163779998539611734e-04
2.163857278459922534e-04
2.163931177562332039e-04
2.164005623304147378e-04
2.164082177749638257e-04
2.164155848510818103e-04
2.164229913190808823e-04
2.164933652246661048e-04
2.165008722700661851e-04
2.165452916456954760e-04
2.165593074528845063e-04
2.165670729082166566e-04
2.165747391556805952e-04
2.165823108461492434e-04
2.165903301573656240e-04
2.165982095961031979e-04
2.166056071067131860e-04
2.167857004770871879e-04
2.167924942764370749e-04
2.167990147173905235e-04
2.168053607724125227e-04
2.168107574620712350e-04
2.168164642842281074e-04
2.168789027594112176e-04
2.168858586003180621e-04
2.170188726616540406e-04
2.170339779906437308e-04
2.170417971543771600e-04
2.170497108140934323e-04
2.172746490627806750e-04
2.172918999609049697e-04
2.173007761315957562e-04
2.173203999526413855e-04
2.173412741339579839e-04
2.174108525642805061e-04
2.174203866059719423e-04
2.174300530676282915e-04
2.174392671844676823e-04
2.174481342518239547e-04
2.174562942019427417e-04
2.175208617407025226e-04
2.175359143332466583e-04
2.175429303576252886e-04
2.175500369268088354e-04
2.175569452664012475e-04
2.175641864478240371e-04
2.176208717111359123e-04
2.176377218456972194e-04
2.177792436988044392e-04
2.177963677140077345e-04
2.178052774422542623e-04
2.178137502068117624e-04
2.178303414594499009e-04
2.178388262285965368e-04
2.178476222419445916e-04
2.178569046232159585e-04
2.178662014456310544e-04
2.180645738182419911e-04
2.180925330089900516e-04
2.181020809036368646e-04
2.181116410662656908e-04
2.181216895833748798e-04
2.181312974707242845e-04
2.181407719454607822e-04
2.181497279435561565e-04
2.181583681803336676e-04
2.181671475274735681e-04
2.181758946749010357e-04
2.181848735143602743e-04
2.182618285870410236e-04
2.182804447065088177e-04
2.182993397278592932e-04
2.183184815800731345e-04
2.185136376624177007e-04
2.185250551336349206e-04
2.185595867601822771e-04
2.185706009096265450e-04
2.185927089778800223e-04
2.186370182156324401e-04
2.186483679935834657e-04
2.186598018223342315e-04
2.190365569086238256e-04
2.190465299576463735e-04
2.190563189361146039e-04
2.190662038363324628e-04
2.190859296466556299e-04
2.190964682277410890e-04
2.193943851274271083e-04
2.194138761649834285e-04
2.194335333317972347e-04
2.194430840550269017e-04
2.194621872915589373e-04
2.194714350885160778e-04
2.196221099497998265e-04
2.196307506533180516e-04
2.196392055511780096e-04
2.196479370293542073e-04
2.196569340155259857e-04
2.196756365718187355e-04
2.197042706478315210e-04
2.197136074447344752e-04
2.197224655211355503e-04
2.199040112345418483e-04
2.199124338639372675e-04
2.199208771527463738e-04
2.199293149933367539e-04
2.199380156024172334e-04
2.199472731042659409e-04
2.199565950938248777e-04
2.201549256458363137e-04
2.201642616993047385e-04
2.201735588639224190e-04
2.201829680313790148e-04
2.202017246796345528e-04
2.202485765456965836e-04
2.202569114116382717e-04
2.202648219399463254e-04
2.204001059110295029e-04
2.204192060146571209e-04
2.204289529942813329e-04
2.204386948271483924e-04
2.204486791073027960e-04
2.204587487721878440e-04
2.204685629259843949e-04
2.204779644413472426e-04
2.204871127992757030e-04
2.204961860359943193e-04
2.205049356479770936e-04
2.205135564992171315e-04
2.205221129861484190e-04
2.206549917855779315e-04
2.206626501646556703e-04
2.206699524894608093e-04
2.206772093554744863e-04
2.206848688511524727e-04
2.207002402156963176e-04
2.207080854045404971e-04
2.207158063313335340e-04
2.207238560251576127e-04
2.207319981957878521e-04
2.207399425443980689e-04
2.207482036596065348e-04
2.207562876312973185e-04
2.207716007201421726e-04
2.208776369630887390e-04
2.208850547052143272e-04
2.208929262136947287e-04
2.209010221618092171e-04
2.209094837005495121e-04
2.209252678620538706e-04
2.209329109033412184e-04
2.209410297000176165e-04
2.209492576804847667e-04
2.209579287507686801e-04
2.209667446425601087e-04
2.209752355271709452e-04
2.209838266240971428e-04
2.210218131922651636e-04
2.210312210674773988e-04
2.210401751084621115e-04
2.210491401034104717e-04
2.210580396946971787e-04
2.212413223644331124e-04
2.212746180375762585e-04
2.212971897879963460e-04
2.213083419442892115e-04
2.214773858259848837e-04
2.214981888635020530e-04
2.215201167863378772e-04
2.215430983333054906e-04
2.215546073341578999e-04
2.215663789331972654e-04
2.215779242376193629e-04
2.216007310338784979e-04
2.216118876319776612e-04
2.217973152694947055e-04
2.218085255634528259e-04
2.218198513911239411e-04
2.218310816576702336e-04
2.218427529577853225e-04
2.218672112170668625e-04
2.218791240810998814e-04
2.219274032215679156e-04
2.219744550575382814e-04
2.219852880863596009e-04
2.220175185425109308e-04
2.222968753718850866e-04
2.223077101035589190e-04
2.223181241640536537e-04
2.223398402070220399e-04
2.223507197446513404e-04
2.223731152806154507e-04
2.225174504915330856e-04
2.225287642969492102e-04
2.225399133654500637e-04
2.225616769434165230e-04
2.225728098031385640e-04
2.225842329534814107e-04
2.225962330049878707e-04
2.226206255639446999e-04
2.226326700666114147e-04
2.226450835625280657e-04
2.226931773616755482e-04
2.227167797162611478e-04
2.229469253988529951e-04
2.229594385278071164e-04
2.229718892360421179e-04
2.229845722326744581e-04
2.229970901343628163e-04
2.230096670540816816e-04
2.230341504021881736e-04
2.230463769007419450e-04
2.231330751816340910e-04
2.231451498207555253e-04
2.231571722526957545e-04
2.231688279868819535e-04
2.233581696292891562e-04
2.233698798845408604e-04
2.233818738830916034e-04
2.233941320507373384e-04
2.234066956971906062e-04
2.234435515702169989e-04
2.234552129119085975e-04
2.234668412791077834e-04
2.236106510834547914e-04
2.236218246174785412e-04
2.236435976705005335e-04
2.236544785160451715e-04
2.236653360093719992e-04
2.236864528203302090e-04
2.236970883750127078e-04
2.237080416887835899e-04
2.237299490639535504e-04
2.237941819793560420e-04
2.239814574566383477e-04
2.239915259494709503e-04
2.240016052575025769e-04
2.240421016731443849e-04
2.240525884673989711e-04
2.240743893872960035e-04
2.240857591627324133e-04
2.240972870419241983e-04
2.241091492023877547e-04
2.241697874445691056e-04
2.241945232115263387e-04
2.242072451464196875e-04
2.242200270961893513e-04
2.242330375671787034e-04
2.242457974810981719e-04
2.242591799718760611e-04
2.243006679505552762e-04
2.243427588527680460e-04
2.243696059029104243e-04
2.243965697049116073e-04
2.244099507690391947e-04
2.244232030407631196e-04
2.244371330063789610e-04
2.244508156982716850e-04
2.244645837316762882e-04
2.244779650729293932e-04
2.245462613741467468e-04
2.245606079075133140e-04
2.245877737317257127e-04
2.246134775405641659e-04
2.246262633691750341e-04
2.246392518398541483e-04
2.246517037544251249e-04
2.246761132757760899e-04
2.247850210799402532e-04
2.247971111036199795e-04
2.248093792423888984e-04
2.248453765904105141e-04
2.248569301525811547e-04
2.248805846130829344e-04
2.249040932040917971e-04
2.249155808973433133e-04
2.249265739691732094e-04
2.249375492684714496e-04
2.249486648080311236e-04
2.249600721573610741e-04
2.250060291422130638e-04
2.250172916642117344e-04
2.250284926175147608e-04
2.250398711767893293e-04
2.250512869513412529e-04
2.250628071120993712e-04
2.250745045037798374e-04
2.250863555708819755e-04
2.250986323256515210e-04
2.251112213920313963e-04
2.254631474686927945e-04
2.254737613458236126e-04
2.254841452543711918e-04
2.254945153984197091e-04
2.255049695506855197e-04
2.256996806328600994e-04
2.258029708254682651e-04
2.258254406378465233e-04
2.258368723240102916e-04
2.259345375643367492e-04
2.259469005289290225e-04
2.259943032797739123e-04
2.260060347948202411e-04
2.261307191814383385e-04
2.261548712930072831e-04
2.262153151866826226e-04
2.262271437124692669e-04
2.262386884161641056e-04
2.262613294361975674e-04
2.265440268946854446e-04
2.265558948395719903e-04
2.265679511493126868e-04
2.265804020986402888e-04
2.265930010375629701e-04
2.269698994847999993e-04
2.269944070415260025e-04
2.270073709333622766e-04
2.270210833610589347e-04
2.270347788943982877e-04
2.272890032659961282e-04
2.272994737841014493e-04
2.273104509013173049e-04
2.273209942023903755e-04
2.273314016449427778e-04
2.273525629350053336e-04
2.273631761355049559e-04
2.273837982702579482e-04
2.273936407699592242e-04
2.275973702138834578e-04
2.276059445272324961e-04
2.276144238453483648e-04
2.276319865935622479e-04
2.276841150539568647e-04
2.278943669809000653e-04
2.279048955126596510e-04
2.279356444870966035e-04
2.279458689375485293e-04
2.279563087334029623e-04
2.285470446523033992e-04
2.285674274672883143e-04
2.285780114551684984e-04
2.285885453264002211e-04
2.288691254790366464e-04
2.288799263369878042e-04
2.289014484159663826e-04
2.289545295048886562e-04
2.291009082286063210e-04
2.291311983222164904e-04
2.292625505195389603e-04
2.292817739378445730e-04
2.295327766892103533e-04
2.295533855863318414e-04
2.295639916878383581e-04
2.298500763939952183e-04
2.298592003764415230e-04
2.298780380702860563e-04
2.298875854610137515e-04
2.298966552216661990e-04
2.299053937501307284e-04
2.299143946203903281e-04
2.301173264327103498e-04
2.301270533202337814e-04
2.301368268462153908e-04
2.301469802801303188e-04
2.301679586837404460e-04
2.301784307114886009e-04
2.301881063121113621e-04
2.301981137182583146e-04
2.302079150351123377e-04
2.303873995430067269e-04
2.303958382348594185e-04
2.304042573479687527e-04
2.304301401298540107e-04
2.306432520004945215e-04
2.306600067699284668e-04
2.307004671851290399e-04
2.307082910565595919e-04
2.307158024879269289e-04
2.307233907037191671e-04
2.307306271480477492e-04
2.309565301953710214e-04
2.309647948421221129e-04
2.309978884702224803e-04
2.311737212691446339e-04
2.311814283970352747e-04
2.311895290087545248e-04
2.311977827477204432e-04
2.312233544338173567e-04
2.312320939581562760e-04
2.314119674895332823e-04
2.314399699559705544e-04
2.314466565851830394e-04
2.314728320208359719e-04
2.314795517129339484e-04
2.314866653504432919e-04
2.315005877284390123e-04
2.315076454714290097e-04
2.315220382077551396e-04
2.316140805787625433e-04
2.316224669154107261e-04
2.316308301537629551e-04
2.316388164216426056e-04
2.316465512363627193e-04
2.316542134809642447e-04
2.316870066589686030e-04
2.317033048767149254e-04
2.317110076526903621e-04
2.317187027423715708e-04
2.317340737176534695e-04
2.318443576964184492e-04
2.318515575862962130e-04
2.318588432834215688e-04
2.318665467549013422e-04
2.318743123558158776e-04
2.318825726179333353e-04
2.322486797097887007e-04
2.322569410022964226e-04
2.322648471637403468e-04
2.322729012646611562e-04
2.323160851698655887e-04
2.323433128176618644e-04
2.323527668887999549e-04
2.323620463934391483e-04
2.323710053702678850e-04
2.326040792374774982e-04
2.326134423701480306e-04
2.326224069510512363e-04
2.326495453642076524e-04
2.326966329750036115e-04
2.327060510882872509e-04
2.327421092575749403e-04
2.327592622987926022e-04
2.327669749435036690e-04
2.327819629177840484e-04
2.328790510104617416e-04
2.328864242083336547e-04
2.328941127999797347e-04
2.329096252434703358e-04
2.329179383519950838e-04
2.329259944879633439e-04
2.329347277594413497e-04
2.329434756818534401e-04
2.329524115690698692e-04
2.329613763272441959e-04
2.329707833003974047e-04
2.329977358779856142e-04
2.330156276335985672e-04
2.330241540495890814e-04
2.330328054785590832e-04
2.331275125034338355e-04
2.331361495756568991e-04
2.331446111857301347e-04
2.331533595956653872e-04
2.331617795884028787e-04
2.331700686768369685e-04
2.331784430834217688e-04
2.331870736283199821e-04
2.331959378122870890e-04
2.332047557718675728e-04
2.332138884885228173e-04
2.332314777698756946e-04
2.332402006259190995e-04
2.332484879453897684e-04
2.332567836701525518e-04
2.332649748088817083e-04
2.333725493220960854e-04
2.333914856370018873e-04
2.334006455405937801e-04
2.334190316074062090e-04
2.334283255190535680e-04
2.336504434141308396e-04
2.336603328062522654e-04
2.336793140415322368e-04
2.337074540925023868e-04
2.339710981705516574e-04
2.339802729054817206e-04
2.339897291897545160e-04
2.340084122563745048e-04
2.340530791287275675e-04
2.340621495131951150e-04
2.340884999886062075e-04
2.340975088212476462e-04
2.341158714107433589e-04
2.342613875741073688e-04
2.342855635270257267e-04
2.342937611032193228e-04
2.343022538997165257e-04
2.344401453267645774e-04
2.344609632538267473e-04
2.344913209723151887e-04
2.345113308532586810e-04
2.345211286111217657e-04
2.345414421429904087e-04
2.345509539027901540e-04
2.345599997861738412e-04
2.345696517145615589e-04
2.345792936237886452e-04
2.345890251476354929e-04
2.345988926558630787e-04
2.346084577647129907e-04
2.346181218310850380e-04
2.346278772284145307e-04
2.346379369429253681e-04
2.346483666512345272e-04
2.347295319840502718e-04
2.347402002628708943e-04
2.347509596373443478e-04
2.347618354223003460e-04
2.347724665758930008e-04
2.347839175395277189e-04
2.347954169671507933e-04
2.348179335330819037e-04
2.348289335519412858e-04
2.348394978414384898e-04
2.348505813547571567e-04
2.348616319157716353e-04
2.348723720164281172e-04
2.348929682769939850e-04
2.349030119736908483e-04
2.349126257976006055e-04
2.349217999732369820e-04
2.349307914756543865e-04
2.349398453276447781e-04
2.350526044926074172e-04
2.351107208428161461e-04
2.351208057425673514e-04
2.351309825503962491e-04
2.351408744392022830e-04
2.351508172030990511e-04
2.351603931778012890e-04
2.351697654252812603e-04
2.351790980694408255e-04
2.351986497672821819e-04
2.352086008024491205e-04
2.352279159488823224e-04
2.352367585261477042e-04
2.353457155094938887e-04
2.353557969484432178e-04
2.353654610424467267e-04
2.353750954112997262e-04
2.353851739728557446e-04
2.354153411777786778e-04
2.354254360706488727e-04
2.354353024726244599e-04
2.354455520751590051e-04
2.354557759597427236e-04
2.354752420880174024e-04
2.354938244953552664e-04
2.355119301983534723e-04
2.355306347084478173e-04
2.356368679152621255e-04
2.356464386813549678e-04
2.356558371382108360e-04
2.356652289097508290e-04
2.356745235013266865e-04
2.356836561553434515e-04
2.356931872699993477e-04
2.357029107315708743e-04
2.357125078561806211e-04
2.357219390243630837e-04
2.357316191966148089e-04
2.357412665431086074e-04
2.357506967800332323e-04
2.357601027448233974e-04
2.357693336285792568e-04
2.357784313762783580e-04
2.357877291270100951e-04
2.357968559125858459e-04
2.358063776783176279e-04
2.358160294765111503e-04
2.358253185321842712e-04
2.359012910510588812e-04
2.359109265745152034e-04
2.359208382799570642e-04
2.359305992127034353e-04
2.359406634183201378e-04
2.359505851918839532e-04
2.359710616228100121e-04
2.360003658864762990e-04
2.360100692145483301e-04
2.360411720616772556e-04
2.360519330109666432e-04
2.360627666067580718e-04
2.360951271263233252e-04
2.361053115482803551e-04
2.361150297911760484e-04
2.362126028570123246e-04
2.362441940444825865e-04
2.362540968386429852e-04
2.362734325661813124e-04
2.362929361825795991e-04
2.363135627958449332e-04
2.363628364478661550e-04
2.363726731488623818e-04
2.363820311137238624e-04
2.363917756383711788e-04
2.364020817765126491e-04
2.364126889965443060e-04
2.364230652646261783e-04
2.364335762009794038e-04
2.365258326289088704e-04
2.365456348997021271e-04
2.365638138337115674e-04
2.365724922631964574e-04
2.365894344589516648e-04
2.366072019119590556e-04
2.366166294545025311e-04
2.366259509245563475e-04
2.366352606664567763e-04
2.366445066057371168e-04
2.366538370394647036e-04
2.366629425151829571e-04
2.366720141008532162e-04
2.366901549263862126e-04
2.366989559933266589e-04
2.367076575107218488e-04
2.367163206964215550e-04
2.367893650514451534e-04
2.368129806872612249e-04
2.368550878823557791e-04
2.368637279116354800e-04
2.368723415303080541e-04
2.368806706723001077e-04
2.368892081566398484e-04
2.368975197323424959e-04
2.369056726414510113e-04
2.369136406215652626e-04
2.369210482359692185e-04
2.369287591656155090e-04
2.369362048943108375e-04
2.369441394182863504e-04
2.369692851098201530e-04
2.370335938564195708e-04
2.370415957458187886e-04
2.370499741565108831e-04
2.370669139731513089e-04
2.370752137631477021e-04
2.370834801660331483e-04
2.370920600079256570e-04
2.371009270554191829e-04
2.371277794185190190e-04
2.371542506121826174e-04
2.371633572377626251e-04
2.371723677841529982e-04
2.371818811086735899e-04
2.371919487960972303e-04
2.372019397015448028e-04
2.372119014721848801e-04
2.373018470798232335e-04
2.373314188592026339e-04
2.373410785966909129e-04
2.373504058687306555e-04
2.373601889423621264e-04
2.373704189163216747e-04
2.373803074043177202e-04
2.373894514191198716e-04
2.374168250782822582e-04
2.374257947733101367e-04
2.374435113074107413e-04
2.374522557230934468e-04
2.374611851962434407e-04
2.374698729480756410e-04
2.374868995337596500e-04
2.374957700950892621e-04
2.375045241363477218e-04
2.375217575972142427e-04
2.375970601180634498e-04
2.376049162163997703e-04
2.376124301384944040e-04
2.376202976406768265e-04
2.376371800717015973e-04
2.376460505646700941e-04
2.379734561446842191e-04
2.379830905050148745e-04
2.379928157461040693e-04
2.380027434962326952e-04
2.380124791747047002e-04
2.380215589565452914e-04
2.380301555645435022e-04
2.380384742232183521e-04
2.380468494658357574e-04
2.380547956433197508e-04
2.380708550982093652e-04
2.380794475514954385e-04
2.380879951972939305e-04
2.380967740260899997e-04
2.382960239918792942e-04
2.383049218564472441e-04
2.383134608199476102e-04
2.383218981396294516e-04
2.383301147684850835e-04
2.383383029367179410e-04
2.384773826874242713e-04
2.384949641460241780e-04
2.385035956351024011e-04
2.385123886558402815e-04
2.385217566522228674e-04
2.385410161161708625e-04
2.385596570395814105e-04
2.385690379043449178e-04
2.385787303922555795e-04
2.385883572807523194e-04
2.386079103523369444e-04
2.386175296866352067e-04
2.386274711552779774e-04
2.386372327404935297e-04
2.386471794516056009e-04
2.387411080371728189e-04
2.387589308058106767e-04
2.387676915830167109e-04
2.387767330423149240e-04
2.387858230398067026e-04
2.388034547571023334e-04
2.388565567001474518e-04
2.388660726760089687e-04
2.388750974207198125e-04
2.388842434067806780e-04
2.388936413114889443e-04
2.389029857466083468e-04
2.389125748220712682e-04
2.389220504308743479e-04
2.389318268729488616e-04
2.390618637353023772e-04
2.391183350745520585e-04
2.391273160380039293e-04
2.391445937449518855e-04
2.391535453429926932e-04
2.391628031839098821e-04
2.391801019467471837e-04
2.391886087259077482e-04
2.391972118686368318e-04
2.392056009657164109e-04
2.392140182120064916e-04
2.393636547239806297e-04
2.393737051607692135e-04
2.393923348879666967e-04
2.394014093337991768e-04
2.394190689214267180e-04
2.394359078377065401e-04
2.394443553243044915e-04
2.394608525070560383e-04
2.394687544158064960e-04
2.394769090674383734e-04
2.396093079573692435e-04
2.396179125941565408e-04
2.396439780032969414e-04
2.396529310133616757e-04
2.396622444883811430e-04
2.396719017609753562e-04
2.397093457328395248e-04
2.397184818316493518e-04
2.397276434348134225e-04
2.397367953587736030e-04
2.397455693551309424e-04
2.398340997096457265e-04
2.399530867920923640e-04
2.399615975160246026e-04
2.399699951686534900e-04
2.399781509777345310e-04
2.401105038121246181e-04
2.401237667963391435e-04
2.401300681412937073e-04
2.401365464427622205e-04
2.401431580834499570e-04
2.401498521839876769e-04
2.401573190982970595e-04
2.401650083650531454e-04
2.401724651702531505e-04
2.401797379276124941e-04
2.401866167892130271e-04
2.402092687060126172e-04
2.403339209166698714e-04
2.403433008702422530e-04
2.403528501711046234e-04
2.403618401585860104e-04
2.403791339040828735e-04
2.403963118801888637e-04
2.404048324553706656e-04
2.404135534068793266e-04
2.404219831573924332e-04
2.404299452346028948e-04
2.404376418537643406e-04
2.404457452491890672e-04
2.404538168051185878e-04
2.404619870395294560e-04
2.404701810405099555e-04
2.405949361892196060e-04
2.406030347965294140e-04
2.406111371083313115e-04
2.406190044359519801e-04
2.406266023224875640e-04
2.406339665967885020e-04
2.406412157643667840e-04
2.406482770026613588e-04
2.406700057165954757e-04
2.406770840050816856e-04
2.406892806725216137e-04
2.406955641046416047e-04
2.407016038556123621e-04
2.407945678271589487e-04
2.408107042820496920e-04
2.408161184072176309e-04
2.408215287522899486e-04
2.408270408525725354e-04
2.408326061400705234e-04
2.408383410598469773e-04
2.408501975920657558e-04
2.408567331771288306e-04
2.408638216611282839e-04
2.408713107479549067e-04
2.408787592138019135e-04
2.408856395674776002e-04
2.409733798129580333e-04
2.409799217501827162e-04
2.409866568181386146e-04
2.410202049566238769e-04
2.410273730210934194e-04
2.410341842776931177e-04
2.410414235385556524e-04
2.410484777148452209e-04
2.410623414893596614e-04
2.410697660599535688e-04
2.410770207684694868e-04
2.410845376725263996e-04
2.410919030872461246e-04
2.410985338243926775e-04
2.411052653833974167e-04
2.411113449632095167e-04
2.411174158497133093e-04
2.411236008748225701e-04
2.411298514253802877e-04
2.411359071171433510e-04
2.411527093374030357e-04
2.411589859261396634e-04
2.411655553999345113e-04
2.411850546432221733e-04
2.411918629105875504e-04
2.411989577021654053e-04
2.412057375775554340e-04
2.412123754300867114e-04
2.412258477755093485e-04
2.412322657506536848e-04
2.412388150334160116e-04
2.412519976619393876e-04
2.412588266671297961e-04
2.412656878515843407e-04
2.412723840699625773e-04
2.412793074368062155e-04
2.412863894290998685e-04
2.412939284834764999e-04
2.413250832317574484e-04
2.413331179971636774e-04
2.413409829067699895e-04
2.413569028440843225e-04
2.413648998590249561e-04
2.413731525678849152e-04
2.413810378646735397e-04
2.413886691184928318e-04
2.413964258396148767e-04
2.414042444520687165e-04
2.414118164921284077e-04
2.414192052690282701e-04
2.414268240802596951e-04
2.414344916136383678e-04
2.414745946973005045e-04
2.414906332555026623e-04
2.414987143970535692e-04
2.415069473292072140e-04
2.415235616731018257e-04
2.415312152449398887e-04
2.415390541284947697e-04
2.415466313588637707e-04
2.415543990791236141e-04
2.415701518102483249e-04
2.415782486651421308e-04
2.415864795357011469e-04
2.415946090921800992e-04
2.416022972231213271e-04
2.416179160243376147e-04
2.416260844845677456e-04
2.416340409452030769e-04
2.416658930701428871e-04
2.416734236294856050e-04
2.416969144090167247e-04
2.417044977450033105e-04
2.417115528845428666e-04
2.417185103683954189e-04
2.417251657744519801e-04
2.417321102133638351e-04
2.417390128646698709e-04
2.417458527166928804e-04
2.417526320684589317e-04
2.417598797899361623e-04
2.417740659497324572e-04
2.417811799100865789e-04
2.417955355189793383e-04
2.418032501262001768e-04
2.418108016489057220e-04
2.418184355207190247e-04
2.418423896374461476e-04
2.418502742123115456e-04
2.418671867948153675e-04
2.418752562783005940e-04
2.418831165256957237e-04
2.418915388997076464e-04
2.418998207703936627e-04
2.419079446949019222e-04
2.419233698645028836e-04
2.419308886357973351e-04
2.419386358979691283e-04
2.419462619628646668e-04
2.419539051489021119e-04
2.419617019331057254e-04
2.419695510226527722e-04
2.419778681024763146e-04
2.419864833480877067e-04
2.419955718850471608e-04
2.420043009316880794e-04
2.420127861380277760e-04
2.420214308853418711e-04
2.420304919223857860e-04
2.420394292385563380e-04
2.420484182775490146e-04
2.420993919040765881e-04
2.421076753069462725e-04
2.421156279119946386e-04
2.421236197162054753e-04
2.421311190039293810e-04
2.421384761295943065e-04
2.421460333118946064e-04
2.421538793155977626e-04
2.421700569474230080e-04
2.421866424438585302e-04
2.421957135587335115e-04
2.422045561603359794e-04
2.422134271168478509e-04
2.422221983904731570e-04
2.422310410074829509e-04
2.422399221343919261e-04
2.422487354083234328e-04
2.422572954837173907e-04
2.422658361670151298e-04
2.422833934144684941e-04
2.422921956090780791e-04
2.423007189915436105e-04
2.423089847710796756e-04
2.423171287952953696e-04
2.423252101703601954e-04
2.423499069661604250e-04
2.423581601160424944e-04
2.423740648697206052e-04
2.423818967412479715e-04
2.423900499227516576e-04
2.423985507117948845e-04
2.424071912311410689e-04
2.424244752525895696e-04
2.424333246733297129e-04
2.424423663019317061e-04
2.424603519372126145e-04
2.424864512331736922e-04
2.425734479313232958e-04
2.425820751356736729e-04
2.426010513081679773e-04
2.426111856169505465e-04
2.426311771659729068e-04
2.426408413726751929e-04
2.426502938044560137e-04
2.426594212060085979e-04
2.426683836633001872e-04
2.426774457411237608e-04
2.426870958777214277e-04
2.426972073773931413e-04
2.427073741350767528e-04
2.427174650989076977e-04
2.427276262059163941e-04
2.427383031556216921e-04
2.427488544116370231e-04
2.427595569365318296e-04
2.427699850165819105e-04
2.427801673394865091e-04
2.427901659783999403e-04
2.428198704409525186e-04
2.428507859986876521e-04
2.428607101710726537e-04
2.428707276361946350e-04
2.428904638576503429e-04
2.429001679245726799e-04
2.429098553398594072e-04
2.429198000150734711e-04
2.429387051737892590e-04
2.429787065837261571e-04
2.429884041152816283e-04
2.429979675131124642e-04
2.430165903762244485e-04
2.430446068765618206e-04
2.430540064250018685e-04
2.430631268421388840e-04
2.430716617145662023e-04
2.430802353324248088e-04
2.430890470383565707e-04
2.430984091364082065e-04
2.431082176058618142e-04
2.431277786307149355e-04
2.431370362191616081e-04
2.431460229355505054e-04
2.431550047520663336e-04
2.431731690492212471e-04
2.432063549405097250e-04
2.432486925864931198e-04
2.432578035295938066e-04
2.432665486672608334e-04
2.432750707242210125e-04
2.432833794189814033e-04
2.432915017891466099e-04
2.433078802387851885e-04
2.433160031652585684e-04
2.433322400288868970e-04
2.433401756016818885e-04
2.433472510754221307e-04
2.433538260247355631e-04
2.433609448248244176e-04
2.433682424731537430e-04
2.434940480941162784e-04
2.435011084375063414e-04
2.435080350310682971e-04
2.435294146298335653e-04
2.435367109437774349e-04
2.435513197759214268e-04
2.435588166440514019e-04
2.435751338395322557e-04
2.435831151041213997e-04
2.436135661540968840e-04
2.436208638669786039e-04
2.436277030794733610e-04
2.436340908464048401e-04
2.436402983513969920e-04
2.436524765094012909e-04
2.436586532765897830e-04
2.436650591753564880e-04
2.436713193584880241e-04
2.436775901801679792e-04
2.436838215461772429e-04
2.436904433948167592e-04
2.436968809878399772e-04
2.437096671448680705e-04
2.437227370088224966e-04
2.437350375969906486e-04
2.437470807702579907e-04
2.437530939568383309e-04
2.437591146865518898e-04
2.437655893246501774e-04
2.437844513816704399e-04
2.437978270149909646e-04
2.438044442002915385e-04
2.438109079545618888e-04
2.438171708531061449e-04
2.438234065213199160e-04
2.438409007182264817e-04
2.438467398089707672e-04
2.438523132630142929e-04
2.438575559524291329e-04
2.438629255932043671e-04
2.438681320549013329e-04
2.438733183688941556e-04
2.438782980465496243e-04
2.438830156563220734e-04
2.438975782528027909e-04
2.439028647185105785e-04
2.439082890624237469e-04
2.439133422028295299e-04
2.439187010777089666e-04
2.439239930618578728e-04
2.439291714515631402e-04
2.439340610593928791e-04
2.439446406741264430e-04
2.439501400141631533e-04
2.439660319203951211e-04
2.439715817916037431e-04
2.439825835984374078e-04
2.439882394341248662e-04
2.440055790852690141e-04
2.440236960453843931e-04
2.440304424034267245e-04
2.440367298798744138e-04
2.440430403492578105e-04
2.440495449643486931e-04
2.440561319841370348e-04
2.440689280559652289e-04
2.440755064705222969e-04
2.440820515852719277e-04
2.440885034461832319e-04
2.440953218413350766e-04
2.441025308102131414e-04
2.441169261150898410e-04
2.441321653116046962e-04
2.441396651997439356e-04
2.441473297986363768e-04
2.441550380627359831e-04
2.441624828898552972e-04
2.441695147877128097e-04
2.441765834301176143e-04
2.441843104673738609e-04
2.442219801666437365e-04
2.442360943728358238e-04
2.442433332623221974e-04
2.442509777820058622e-04
2.442587883839317242e-04
2.442790804599484608e-04
2.442855903265616236e-04
2.442920483485243603e-04
2.443058702659492562e-04
2.443208441350801599e-04
2.443283495160015182e-04
2.443358331487504405e-04
2.443506204299422885e-04
2.443574899003878942e-04
2.443641793343910400e-04
2.443707375204233066e-04
2.443775208251067243e-04
2.443918522557855279e-04
2.443992628038949813e-04
2.444066259518116145e-04
2.444135274353450931e-04
2.444280950450923324e-04
2.444354330711004516e-04
2.444425780016289693e-04
2.444498017889669157e-04
2.444573219562414597e-04
2.444651457930020451e-04
2.444734017718235898e-04
2.444819753221283507e-04
2.444904299176382041e-04
2.445082481862519293e-04
2.445174233348717456e-04
2.445261960208718532e-04
2.445427846997294476e-04
2.445515609803713920e-04
2.445602857911797871e-04
2.445773175664197750e-04
2.445852028848651753e-04
2.445926396505056504e-04
2.445996326551481796e-04
2.446069827063029108e-04
2.446147602171295219e-04
2.446225436241273254e-04
2.446297877684918288e-04
2.446364116598806157e-04
2.446431857204209846e-04
2.446501661341721852e-04
2.446570010918964425e-04
2.446713958545702764e-04
2.446863427084287283e-04
2.446940494051204015e-04
2.447014780571740342e-04
2.447088836225897596e-04
2.447162504418749947e-04
2.447239258181643415e-04
2.447316979353731628e-04
2.447393334178872689e-04
2.447466656576189822e-04
2.447542502841682497e-04
2.447695314502793874e-04
2.447771647598831501e-04
2.447842744864892083e-04
2.447914104388654657e-04
2.447982180644939893e-04
2.448115914257695757e-04
2.448324630945690429e-04
2.448398327526679348e-04
2.448472659229391818e-04
2.448547974505723974e-04
2.448623324334537991e-04
2.448700460318607285e-04
2.448773352782796474e-04
2.448840449273859306e-04
2.448910346280867584e-04
2.449051633942102312e-04
2.449238059985261399e-04
2.449298378128776264e-04
2.449363583817487709e-04
2.453969426180893166e-04
2.454023646992846397e-04
2.454076131930296679e-04
2.454754109529952021e-04
2.454860625054805013e-04
2.455343932765312927e-04
2.455392127590512842e-04
2.455485131122496847e-04
2.455527889469033683e-04
2.455569274610326885e-04
2.455661388835982117e-04
2.455714736852857493e-04
2.455767474730438096e-04
2.455816621748209221e-04
2.455863398306446389e-04
2.455964452915272819e-04
2.456055795071761640e-04
2.456096624427564512e-04
2.456183047680633984e-04
2.456232611862235174e-04
2.456278893794827103e-04
2.456488541606410923e-04
2.456532837971035755e-04
2.456624473672874278e-04
2.456671912997709776e-04
2.456829778931443327e-04
2.456863354872597773e-04
2.457001790466053505e-04
2.457035400200832317e-04
2.457066041270125167e-04
2.457098852020288531e-04
2.457133399965985262e-04
2.457508931228867197e-04
2.457557975476822552e-04
2.457606180705809674e-04
2.457655691407628412e-04
2.457703016946555588e-04
2.457750712795102321e-04
2.457800275227654471e-04
2.457892752234221785e-04
2.457988349754041194e-04
2.458035213895575638e-04
2.458079966692332686e-04
2.458130552673759074e-04
2.458181389600223323e-04
2.458233037954165516e-04
2.458280443610044177e-04
2.458327131807457695e-04
2.458425414081193681e-04
2.458849713461767569e-04
2.458888811224462065e-04
2.458926177864568076e-04
2.459045328172924797e-04
2.459086865159220499e-04
2.459125628737373519e-04
2.459161875085746343e-04
2.459199266666070973e-04
2.459235843430901338e-04
2.459272818886290893e-04
2.459350917713576260e-04
2.459443119593868188e-04
2.459562611426819971e-04
2.459606588940559981e-04
2.459649486409285521e-04
2.459692687844149887e-04
2.459737995337061937e-04
2.459783709370097276e-04
2.459824103851056764e-04
2.459824404376885487e-04
2.459860779443912428e-04
2.459860843330343837e-04
2.459979772321743284e-04
2.459979387208598026e-04
2.460018918849383313e-04
2.460018773480098669e-04
2.460058707853101105e-04
2.460057271950526962e-04
2.460095628817754194e-04
2.460095437321479519e-04
2.460128916190907765e-04
2.460130542974989015e-04
2.460161601664085079e-04
2.460161529021426589e-04
2.460187481321249097e-04
2.460187616837166162e-04
2.460232452004479983e-04
2.460262512967542853e-04
2.460334848996000674e-04
2.460334585269167334e-04
2.460373893147704740e-04
2.460373779861622294e-04
2.460411688810137314e-04
2.460412198905999890e-04
2.460452970416769202e-04
2.460452615736669351e-04
2.460534514600970458e-04
2.460533978392848284e-04
2.460575254341853570e-04
2.460573891058879105e-04
2.460998110811181785e-04
2.460999028054350140e-04
2.461047366461134936e-04
2.461048525998219883e-04
2.461304326489746467e-04
2.461304283800853140e-04
2.461331447327605492e-04
2.461331341029224479e-04
2.461386229200181056e-04
2.461386874615875686e-04
2.461419853558989936e-04
2.461418517675330385e-04
2.461450493190260450e-04
2.461450518478408762e-04
2.461528087924685156e-04
2.461528353737096300e-04
2.461565211711267960e-04
2.461565084499131736e-04
2.461599751875788271e-04
2.461599924749684459e-04
2.461635731575954758e-04
2.461635115010043476e-04
2.461669993515212687e-04
2.461670769998722881e-04
2.461705231709487114e-04
2.461705578845880095e-04
2.461822105968984901e-04
2.461822551203191392e-04
2.461863979219811364e-04
2.461864675596735046e-04
2.461906678663506286e-04
2.461907002114957998e-04
2.461949422460492322e-04
2.461948944285745344e-04
2.461994282249110487e-04
2.461994431609653951e-04
2.462039456660030930e-04
2.462040414791988492e-04
2.462083376084910069e-04
2.462084176765464913e-04
2.462131478127542331e-04
2.462131444436845072e-04
2.462179392164926830e-04
2.462179833183806774e-04
2.462225511491390110e-04
2.462225155868276688e-04
2.462268140517155190e-04
2.462268576534305852e-04
2.462311905298055501e-04
2.462310893352884830e-04
2.462353995566241992e-04
2.462354353511480654e-04
2.462399468446709039e-04
2.462398874229276618e-04
2.462442927842808786e-04
2.462442787034694377e-04
2.462487089321618535e-04
2.462486880206146201e-04
2.462536771264532578e-04
2.462536680409492616e-04
2.462587082941294697e-04
2.462587588369562837e-04
2.462639898299904704e-04
2.462640795835549143e-04
2.462791549097732868e-04
2.462790646402223923e-04
2.462837078556347572e-04
2.462836803215466292e-04
2.462884600357433834e-04
2.462930852950494199e-04
2.462930783264532012e-04
2.462979186432564930e-04
2.462979445547883108e-04
2.463027372714084759e-04
2.463027664348077105e-04
2.463077977724130972e-04
2.463077746181278590e-04
2.463178099230352346e-04
2.463228656425092700e-04
2.463229890453837233e-04
2.463280696521641128e-04
2.463281210222516044e-04
2.463331810400420084e-04
2.463331085097027976e-04
2.463435811015639992e-04
2.463435522856687997e-04
2.463590701809938600e-04
2.463590913207065617e-04
2.463644339208822458e-04
2.463644396298882134e-04
2.463700874402997257e-04
2.463760097360096608e-04
2.463823788625991301e-04
2.463824182719467145e-04
2.463884964529357811e-04
2.463884549584989341e-04
2.463942358272035627e-04
2.463941814318817113e-04
2.463995631284507273e-04
2.463995438520546013e-04
2.464055654361856085e-04
2.464055335120108247e-04
2.464116744401192950e-04
2.464116906679799301e-04
2.464234178935004117e-04
2.464234594284839264e-04
2.464349089372009694e-04
2.464348636813265634e-04
2.464407546769177516e-04
2.464406867195259219e-04
2.464466545208569923e-04
2.464465787435597948e-04
2.464524399203336458e-04
2.464524189079542009e-04
2.464588874932399946e-04
2.464588954535413580e-04
2.464717698732278367e-04
2.464718191734246826e-04
2.464775911808754581e-04
2.464776248864840747e-04
2.464829887710332738e-04
2.464830466866849861e-04
2.464996792402487490e-04
2.464996897121342063e-04
2.465117789734479052e-04
2.465117930557859027e-04
2.465176931151918938e-04
2.465176543582063172e-04
2.465285103031493279e-04
2.465335592944876823e-04
2.465335598934629245e-04
2.465384571575589094e-04
2.465384257284204293e-04
2.465472495722646111e-04
2.465472404260066414e-04
2.465605554868696074e-04
2.465605679908533499e-04
2.465650157211855516e-04
2.465650499753492932e-04
2.465738253505087886e-04
2.465739312935230783e-04
2.465781582440711227e-04
2.465781609540988002e-04
2.465824112568472805e-04
2.465824492224932612e-04
2.465867526914542764e-04
2.465911426838641790e-04
2.465911654324529989e-04
2.465996713425731282e-04
2.465997534152685020e-04
2.466040041894425609e-04
2.466039987042991342e-04
2.466077974461719545e-04
2.466113864134405120e-04
2.466112645375623073e-04
2.466152533644916009e-04
2.466152451025925151e-04
2.466191569729151941e-04
2.466191761657452451e-04
2.466227223234757700e-04
2.466227873281072219e-04
2.466290686748485225e-04
2.466290995368131448e-04
2.466324204265978796e-04
2.466324659333204018e-04
2.466357132132286417e-04
2.466357700132644536e-04
2.466390104910390216e-04
2.466389976067068029e-04
2.466422698307609127e-04
2.466423272101358729e-04
2.466461424236763103e-04
2.466460836188620479e-04
2.466505518951607619e-04
2.466506183349489491e-04
2.466550640569813201e-04
2.466550841723958625e-04
2.466595769134689669e-04
2.466641103733479483e-04
2.466641023365122656e-04
2.466686300283284618e-04
2.466685943581345040e-04
2.466732460199966260e-04
2.466732373022537898e-04
2.466780160278851945e-04
2.466780518455304310e-04
2.466874221160450715e-04
2.466874912470652073e-04
2.466922324069663547e-04
2.466921451645365487e-04
2.467012159096352718e-04
2.467012607049065510e-04
2.467063969651755399e-04
2.467064137036638479e-04
2.467117465783599957e-04
2.467116925866224826e-04
2.467215715504054584e-04
2.467216003590196982e-04
2.467540577935750093e-04
2.467541490573226535e-04
2.467634317781716431e-04
2.467635063305759322e-04
2.467673996428501213e-04
2.467716801123305613e-04
2.467716347975990477e-04
2.467807659210731930e-04
2.467849953246935421e-04
2.467890476123805348e-04
2.467890377971936229e-04
2.467934137887013084e-04
2.467934366000437501e-04
2.467975789829347723e-04
2.467975969539901887e-04
2.468018971385281231e-04
2.468018808116851964e-04
2.468058847428509822e-04
2.468058479490519092e-04
2.468099266295191701e-04
2.468098561437264576e-04
2.468139113044142243e-04
2.468138558753729846e-04
2.468178458909139330e-04
2.468178152324646294e-04
2.468255698990176215e-04
2.468255014158867258e-04
2.468293718580044627e-04
2.468293763761248241e-04
2.468331126599866048e-04
2.468330080841743481e-04
2.468488552995508345e-04
2.468489449693553480e-04
2.468526157640764341e-04
2.468526277426516839e-04
2.468560267082062806e-04
2.468560025961196044e-04
2.468594170426208038e-04
2.468594424843957385e-04
2.468659804938658155e-04
2.468660037814602703e-04
2.468697472755451922e-04
2.468697634314662485e-04
2.468740519444140020e-04
2.468740528694767628e-04
2.468812764609447504e-04
2.468813381182538916e-04
2.468853971495405951e-04
2.468854519416528487e-04
2.468894999328545277e-04
2.468894947912014738e-04
2.468934506582701779e-04
2.468934904063705511e-04
2.468971319991287408e-04
2.468969820709913444e-04
2.469010957261996990e-04
2.469012081119448319e-04
2.469056253982923523e-04
2.469056270915888970e-04
2.469100126284459024e-04
2.469100445176377104e-04
2.469141014443893348e-04
2.469141408430519983e-04
2.469209260708842306e-04
2.469209247141974407e-04
2.469243628244639235e-04
2.469244820051244354e-04
2.469276445178953013e-04
2.469277679988734022e-04
2.469340149023527124e-04
2.469340022991201814e-04
2.469407994523740556e-04
2.469443931821198638e-04
2.469445231697672458e-04
2.469481695238036670e-04
2.469483228236489785e-04
2.469521127320909587e-04
2.469604414328788102e-04
2.469604259452327054e-04
2.469647714637272806e-04
2.469647922451776259e-04
2.469692595813520052e-04
2.469692166746635491e-04
2.469787153402378563e-04
2.469786786445849380e-04
2.469838636744189193e-04
2.469890606238295001e-04
2.469941225404540756e-04
2.469941315010680647e-04
2.469991089319480680e-04
2.469991147355895438e-04
2.470087903838880626e-04
2.470087320206295007e-04
2.470132881049293735e-04
2.470174909706445484e-04
2.470175055040580835e-04
2.470218913976620560e-04
2.470315326958209801e-04
2.470315613671660092e-04
2.470368435202740945e-04
2.470367824307044937e-04
2.470424024119569984e-04
2.470425371715079558e-04
2.470481063963177377e-04
2.470480716056435442e-04
2.470532420401528478e-04
2.470531115461566509e-04
2.470580566476633178e-04
2.470581676451442726e-04
2.470632825780954742e-04
2.470633170158399055e-04
2.470679007497975695e-04
2.470679875086640993e-04
2.470727121118692369e-04
2.470727135233273183e-04
2.470778712572383449e-04
2.470778538544316644e-04
2.470885468720039157e-04
2.470885499376837329e-04
2.470943857068215736e-04
2.470944485898093445e-04
2.471131858965447165e-04
2.471198047611560065e-04
2.471198728839363724e-04
2.471265694173973128e-04
2.471332702151582124e-04
2.471398780835477741e-04
2.471397694065578408e-04
2.471516783214041247e-04
2.471516667684342809e-04
2.471569505728768716e-04
2.471569651333617966e-04
2.471626719304220450e-04
2.471625903979706275e-04
2.471689998402371090e-04
2.471690249486964744e-04
2.471757902214390969e-04
2.471757885177792058e-04
2.471951349243950826e-04
2.472010109174716322e-04
2.472068121473039210e-04
2.472067905815569029e-04
2.472130749263122041e-04
2.472130792206314446e-04
2.472195809433266130e-04
2.472196546700366256e-04
2.472257836707405024e-04
2.472257907395449743e-04
2.472373958787554274e-04
2.472374380909223490e-04
2.472491126818465506e-04
2.472544370092636572e-04
2.472544742203637981e-04
2.472593815538801239e-04
2.472645717712237067e-04
2.472644644997676116e-04
2.472818712763049753e-04
2.472819051016203538e-04
2.472882359467945134e-04
2.472882529141324213e-04
2.472941755930723167e-04
2.472943229636055196e-04
2.473002068400853635e-04
2.473002404509100447e-04
2.473063271475720872e-04
2.473063770571111539e-04
2.473249360946056311e-04
2.473249591909164650e-04
2.473318559376972868e-04
2.473318403078207162e-04
2.473530569388425991e-04
2.473602911821942045e-04
2.473835130856449883e-04
2.473835474534947002e-04
2.473996417878071780e-04
2.473995681860089650e-04
2.474074679412548074e-04
2.474075517800674359e-04
2.474230852279593802e-04
2.474230792934179477e-04
2.474304209142572596e-04
2.474303675712324381e-04
2.474374363023137046e-04
2.474374190581945404e-04
2.474442654863383555e-04
2.474443269666474804e-04
2.474513135253400618e-04
2.474513254304148611e-04
2.474585226745354763e-04
2.474585959097590801e-04
2.474658937896461798e-04
2.474659121833684889e-04
2.474732223243508310e-04
2.474732288916064137e-04
2.474807252023734222e-04
2.474807511971856278e-04
2.474877781034405771e-04
2.474877057124686710e-04
2.474955022446673788e-04
2.474954547953590075e-04
2.475035228793700560e-04
2.475034565250213911e-04
2.475109911089444742e-04
2.475110193219639599e-04
2.475253968368999421e-04
2.475254581293645896e-04
2.475321104651877929e-04
2.475321728921283087e-04
2.475389211090259678e-04
2.475389197718463061e-04
2.475458692028176342e-04
2.475458927726886240e-04
2.475523510544378565e-04
2.475724137532811964e-04
2.475723960186031040e-04
2.475794851438364494e-04
2.475794134055229177e-04
2.475861143598820759e-04
2.475860610700164458e-04
2.475925986407183062e-04
2.475993448874044822e-04
2.476057282111914057e-04
2.476057903134841151e-04
2.476114059122870841e-04
2.476114497124138041e-04
2.476224035630085539e-04
2.476224194343623185e-04
2.476281747779098181e-04
2.476281341131311448e-04
2.476340450210160978e-04
2.476403741183873458e-04
2.476404213752699977e-04
2.476474115147529742e-04
2.476547113368608721e-04
2.476546524706684611e-04
2.476620330477568069e-04
2.476697453749809787e-04
2.476772593885233223e-04
2.476772566349379309e-04
2.476841361442701965e-04
2.476841951490499913e-04
2.476913687788657591e-04
2.476913140280129818e-04
2.476989898434719711e-04
2.477067128090639338e-04
2.477140413118348195e-04
2.477360837527354067e-04
2.477360722819840831e-04
2.477434750968365222e-04
2.477434669835490281e-04
2.477576228125620279e-04
2.477576137024443113e-04
2.477648186438849215e-04
2.477647733168802935e-04
2.477723599708217040e-04
2.477800784967159795e-04
2.477800998526104629e-04
2.477876223408431028e-04
2.477875301448599957e-04
2.477953840745055793e-04
2.477954049665223742e-04
2.478034977162971034e-04
2.478035411205945665e-04
2.478117241629089625e-04
2.478116470050442839e-04
2.478190166689176908e-04
2.478257404522580132e-04
2.478258000779105189e-04
2.478326483740786782e-04
2.478395997602679491e-04
2.478396055245449714e-04
2.478464668696331481e-04
2.478534864305412190e-04
2.478674434648325950e-04
2.478818428388305552e-04
2.478817929028511043e-04
2.478889707562698932e-04
2.478890076900565971e-04
2.478963106166105030e-04
2.478963680846051130e-04
2.479101413782457022e-04
2.479101689448702495e-04
2.479169217592950745e-04
2.479169303015556149e-04
2.479241041277753651e-04
2.479240857237998644e-04
2.479386046196483035e-04
2.479385652790082914e-04
2.479455689173176735e-04
2.479455110501617280e-04
2.479581845512237497e-04
2.479581226541428102e-04
2.479639246132369647e-04
2.479640662633535685e-04
2.479699694743153445e-04
2.479699760770633153e-04
2.479826391574184506e-04
2.479827090739535229e-04
2.479894324144787899e-04
2.479894230728434145e-04
2.480032596992826446e-04
2.480032165440040860e-04
2.480099370925592473e-04
2.480099988421402817e-04
2.480162057636427697e-04
2.480160842102906962e-04
2.480226565992850658e-04
2.480227567833699978e-04
2.480294702612041431e-04
2.480294073198236284e-04
2.480364179025669165e-04
2.480364449306365318e-04
2.480432521238631113e-04
2.480432518723432777e-04
2.480499494495050968e-04
2.480498995152034488e-04
2.480631546557365949e-04
2.480631545024007006e-04
2.480695748419658162e-04
2.480695571011633368e-04
2.480762212736129999e-04
2.480761170009049103e-04
2.480831465319903884e-04
2.480831753130276207e-04
2.480902099835732995e-04
2.480902548990423758e-04
2.480975656993465446e-04
2.480975894336857998e-04
2.481051899739642776e-04
2.481132760197908463e-04
2.481210954409312727e-04
2.481210854410218435e-04
2.481291212913820307e-04
2.481291814796923127e-04
2.481370129777973844e-04
2.481369389594616530e-04
2.481448969286275622e-04
2.481448088916292437e-04
2.481523129792342908e-04
2.481522691893573471e-04
2.481597501190999392e-04
2.481597924011554003e-04
2.481673472203479438e-04
2.481674491401282307e-04
2.481750668266728319e-04
2.481751426308478350e-04
2.481821546755864699e-04
2.481820778819687268e-04
2.481885895217014098e-04
2.481885259551727414e-04
2.481948471593145708e-04
2.481948157402364568e-04
2.482011572300788687e-04
2.482010881917003390e-04
2.482073289848654631e-04
2.482140800190771584e-04
2.482212444619807360e-04
2.482283390383335092e-04
2.482350926742835280e-04
2.482533687929463595e-04
2.482599408129893860e-04
2.482736941711169909e-04
2.482804212649269960e-04
2.482873241810091072e-04
2.482947086042647071e-04
2.483023568259094729e-04
2.483098250653720316e-04
2.483247432486919383e-04
2.483314186230422822e-04
2.483381031170930095e-04
2.483443671822327045e-04
2.483504242518411696e-04
2.483562747993491070e-04
2.483761884192295139e-04
2.483831169814229448e-04
2.483901349838965361e-04
2.483970755556896078e-04
2.484034811414304218e-04
2.484101554084346716e-04
2.484171814380932994e-04
2.484244518656798209e-04
2.484322618436527537e-04
2.484397898702919326e-04
2.484549364958330876e-04
2.484622157027669754e-04
2.484699219471591010e-04
2.484778891525116955e-04
2.484859433454608322e-04
2.484943235035756899e-04
2.485101162650292517e-04
2.485170904944440434e-04
2.485299903984263480e-04
2.485371209690432769e-04
2.485445837103985494e-04
2.485525803493123637e-04
2.485608398421771856e-04
2.485691465750226523e-04
2.485771409293418069e-04
2.485845691031993436e-04
2.485921259225839456e-04
2.485995200830511793e-04
2.486294917851476468e-04
2.486377146310976365e-04
2.486457593147015847e-04
2.486537010766951710e-04
2.486696036328366684e-04
2.486774904281526693e-04
2.486926135072645865e-04
2.487002436378296655e-04
2.487081248265994061e-04
2.487161731133893548e-04
2.487317660351005062e-04
2.487395477156228475e-04
2.487630638357094404e-04
2.487711213567203616e-04
2.487875031534049963e-04
2.487951164516151209e-04
2.488099447395575358e-04
2.488173667734892109e-04
2.488403959703619234e-04
2.488478653592780072e-04
2.488622164227653191e-04
2.488694798018453681e-04
2.488771570708409216e-04
2.488844873210357359e-04
2.488916060121745236e-04
2.488988167540051957e-04
2.489058379520335562e-04
2.489125723722566920e-04
2.489270682716463357e-04
2.489349811364423531e-04
2.489423312893930432e-04
2.489496772182146029e-04
2.489569677830232551e-04
2.489643498503303024e-04
2.489792403180246787e-04
2.489863916706886978e-04
2.489937063757633080e-04
2.490006504229036141e-04
2.490076373186856555e-04
2.490146857363539153e-04
2.490213838207373321e-04
2.490347476805221784e-04
2.490411302865895983e-04
2.490534884024380152e-04
2.490597680477873044e-04
2.490727351585171005e-04
2.490793411532966168e-04
2.490855706963661593e-04
2.490964825087347645e-04
2.491020473287409846e-04
2.491077109667839658e-04
2.491137223005707797e-04
2.491196200588583279e-04
2.491252332482371827e-04
2.491402326405587437e-04
2.491453586311603461e-04
2.491510595151929857e-04
2.491570362540501227e-04
2.491833539618529270e-04
2.491899402937942996e-04
2.492036692291949886e-04
2.492111823673968962e-04
2.492185471829757941e-04
2.492333363591404819e-04
2.492406987650506154e-04
2.492549074209298148e-04
2.492615255400988227e-04
2.492822156877506218e-04
2.492951207636514839e-04
2.493014848755298676e-04
2.493082204706072711e-04
2.493217151656714685e-04
2.493282578146808408e-04
2.493345104298566204e-04
2.493405603526211507e-04
2.493462914697993672e-04
2.493519878094638698e-04
2.493576694193268468e-04
2.493637349326792798e-04
2.493699107644503383e-04
2.493836226315751981e-04
2.493907167085764346e-04
2.494049183133746693e-04
2.494118362142595129e-04
2.494250450111788167e-04
2.494313037615148473e-04
2.494374142719769970e-04
2.494431843564304209e-04
2.494486942250383373e-04
2.494908995971990319e-04
2.495017279341996889e-04
2.495071352465319048e-04
2.495128763072306834e-04
2.495190433439487313e-04
2.495256881614485683e-04
2.495323795597370023e-04
2.495389079818274695e-04
2.495447134761341113e-04
2.495506794267907829e-04
2.495629146392432975e-04
2.495748819138664991e-04
2.495807662965957366e-04
2.495867077816264854e-04
2.495927386174147129e-04
2.495984310053922560e-04
2.496036787134832445e-04
2.496090156063391122e-04
2.496269790821054003e-04
2.496330971420981037e-04
2.496449305003889093e-04
2.496510630550624588e-04
2.496627820191710408e-04
2.496740402040041563e-04
2.496795972663224924e-04
2.496903941005683175e-04
2.497007774609231665e-04
2.497059446760268252e-04
2.497167875129670885e-04
2.497272883040324381e-04
2.497328556102975240e-04
2.497441442728221906e-04
2.497493156002315601e-04
2.497545865637859673e-04
2.497600418982862396e-04
2.497707783643171348e-04
2.497761791355401708e-04
2.497814542378743916e-04
2.497867774143987490e-04
2.497920699790351362e-04
2.497972553248170146e-04
2.498020212786907553e-04
2.498068339696058707e-04
2.498263887812720717e-04
2.498319389856310576e-04
2.498428128499635649e-04
2.498547213701964162e-04
2.498606323386722786e-04
2.498669205753227952e-04
2.498729285336974632e-04
2.498793425015581452e-04
2.498857200227269171e-04
2.498920527456148814e-04
2.498982631189824110e-04
2.499041653119847073e-04
2.499101982423137841e-04
2.499165720970547718e-04
2.499228868595239936e-04
2.499289868171536639e-04
2.499345916096513466e-04
2.499399504238843626e-04
2.499457077917798908e-04
2.499509240006984683e-04
2.499561968020747081e-04
2.499674097544952274e-04
2.499728962192042077e-04
2.499782835863285035e-04
2.499897041781846160e-04
2.499952884510138148e-04
2.500010619454985021e-04
2.500070323346548717e-04
2.500244677039442621e-04
2.500304491868778414e-04
2.500366667829027932e-04
2.500425874600597804e-04
2.500535484821407540e-04
2.500595769764119188e-04
2.500721713153643473e-04
2.500779853111001504e-04
2.500839792411370822e-04
2.500901533317000515e-04
2.501020049239944653e-04
2.501147951388264833e-04
2.501208312591056003e-04
2.501270083813437409e-04
2.501395286491496549e-04
2.501464034929825426e-04
2.501533035953316833e-04
2.501604237058768928e-04
2.501671729211478110e-04
2.501738781623318248e-04
2.501801391001539959e-04
2.501925368803136905e-04
2.501990621482763741e-04
2.502062432952601822e-04
2.502133207003636698e-04
2.502201838023048646e-04
2.502267594931125924e-04
2.502329342588572605e-04
2.502386817571584433e-04
2.502493439320810256e-04
2.502544468496899471e-04
2.502594555719512203e-04
2.502644822370100777e-04
2.529640301153118277e-04
2.529668035744043683e-04
2.530210947384768584e-04
2.530825700359236969e-04
2.530907365997011878e-04
2.531567220018717955e-04
2.531615394082161840e-04
2.532225942723399922e-04
2.532269423334402333e-04
2.532309389552139952e-04
2.533055402990684536e-04
2.533705560176061924e-04
2.533756695148552509e-04
2.534591280524321429e-04
2.534636266635014682e-04
2.535314613245441399e-04
2.535379926419666389e-04
2.535445282526861384e-04
2.536331616015042212e-04
2.536382966767923314e-04
2.537113201144036777e-04
2.537175512953371097e-04
2.537241809487511936e-04
2.538181692741560001e-04
2.538254352978146699e-04
2.540041869230476269e-04
2.540092826428969074e-04
2.540709684443742396e-04
2.540810346115975190e-04
2.540864842941296942e-04
2.544728897575428161e-04
2.544807255982792314e-04
2.544887042771870589e-04
2.546197843482185725e-04
2.546273439297066545e-04
2.547420209353573649e-04
2.548564029082595723e-04
2.548629745949166107e-04
2.549452044639022633e-04
2.549528245681356351e-04
2.549603142917928255e-04
2.554386886729583710e-04
2.555109899276454153e-04
2.555180451848420220e-04
2.555249778061144264e-04
2.556341657663681061e-04
2.556939172962788991e-04
2.556982957460235948e-04
2.557026187621770337e-04
2.557065660310128808e-04
2.557106903311718682e-04
2.557758969649309559e-04
2.558390166154386812e-04
2.558434689430326902e-04
2.558477626528016073e-04
2.559127821858866569e-04
2.559170048435639548e-04
2.559208482480883362e-04
2.559285909655977399e-04
2.559328806691316973e-04
2.559370975027696650e-04
2.559412504681489149e-04
2.559453738779867197e-04
2.559494244287340188e-04
2.559534285614578132e-04
2.559573230172297880e-04
2.559612784963446628e-04
2.560287745085346677e-04
2.560332975128151310e-04
2.560374822918858192e-04
2.560465643097402204e-04
2.560515323762213732e-04
2.560612725795586696e-04
2.560658097631984256e-04
2.560702813288578939e-04
2.560753807236726171e-04
2.560805291374783008e-04
2.560848753522636657e-04
2.560889485839695301e-04
2.560929503854986254e-04
2.561434438660041904e-04
2.561451488278341658e-04
2.561528041907142343e-04
2.561560367319211666e-04
2.561594643173478064e-04
2.561628281035644447e-04
2.561665070178303894e-04
2.561703007138702091e-04
2.561737164836594589e-04
2.561770701246133750e-04
2.561834273203191545e-04
2.561891561759974643e-04
2.561913558229341739e-04
2.562317917780171676e-04
2.562347858978471118e-04
2.562378312629889779e-04
2.562407425976418796e-04
2.562437627592627264e-04
2.562464631315130789e-04
2.562490487442629721e-04
2.562573473390397693e-04
2.562602937321845336e-04
2.562627338328057674e-04
2.562673262513967391e-04
2.562719108203151386e-04
2.563018254218384757e-04
2.563041137065380048e-04
2.563065230049905345e-04
2.563088847005094793e-04
2.563107615226217534e-04
2.563130080195005203e-04
2.563155381072229123e-04
2.563177837310003917e-04
2.563194195133874313e-04
2.563222520270774470e-04
2.563238195971422485e-04
2.563255712286843725e-04
2.563706018303387249e-04
2.564461209716926418e-04
2.564467792705525640e-04
2.564477536840461419e-04
2.564479732926029589e-04
2.564480545340219329e-04
2.564487382827306807e-04
2.564494403041395676e-04
2.564503829443458022e-04
2.564516019309760796e-04
2.564544781059703224e-04
2.564560103414107914e-04
2.564577383556227645e-04
2.564595134726489539e-04
2.564614197951385751e-04
2.565019135908240479e-04
2.566097676161581734e-04
2.566143264232202746e-04
2.567182757333791808e-04
2.567796338610791869e-04
2.567896472491912525e-04
2.568662260776894638e-04
2.568713096704661235e-04
2.569371286976099658e-04
2.569424272488664068e-04
2.569474267997000653e-04
2.570251517451024588e-04
2.571123143267826342e-04
2.571183894460764893e-04
2.571243953676723170e-04
2.572058150656682664e-04
2.572105461843606639e-04
2.572835188496909909e-04
2.572889825965226415e-04
2.572944039423586543e-04
2.573753075663957001e-04
2.574276846289704455e-04
2.574370965447492546e-04
2.575230624770752787e-04
2.575873833787788495e-04
2.575935775877706059e-04
2.575993771466715977e-04
2.576875892939043517e-04
2.576932142147966452e-04
2.577587899872620970e-04
2.577626375682026357e-04
2.578208239172755187e-04
2.578624993495966982e-04
2.578643846921212669e-04
2.578924557277577400e-04
2.579902121451970137e-04
2.579942853683170811e-04
2.579981069831118281e-04
2.580404683780770079e-04
2.580452999610780441e-04
2.580658792568927477e-04
2.580942333695878678e-04
2.581000810332227603e-04
2.581023192779090323e-04
2.581045269786161203e-04
2.581067877172181935e-04
2.581090208507327800e-04
2.581307673433499636e-04
2.581362587722362337e-04
2.581392640917885340e-04
2.581462688627934161e-04
2.581522419829792182e-04
2.581793933208802422e-04
2.581822509151647060e-04
2.582221946736296017e-04
2.582251384569187835e-04
2.582278585861062163e-04
2.582305266131892799e-04
2.582333591376020552e-04
2.582787170126442139e-04
2.582814825656734180e-04
2.583243503945056624e-04
2.583321820472458280e-04
2.583810822950542534e-04
2.583845968549895972e-04
2.584912736499563892e-04
2.584949333156967631e-04
2.585464135203637448e-04
2.585510228150273045e-04
2.585596177645290957e-04
2.586431355844382861e-04
2.586485652554903038e-04
2.586541509797104306e-04
2.586594244402756824e-04
2.586690740797887439e-04
2.586785666061019681e-04
2.586832004654835175e-04
2.586878211660357347e-04
2.586931150517958878e-04
2.587032435121726045e-04
2.587084678532200499e-04
2.587139874912997646e-04
2.587191446438448896e-04
2.587869199994824107e-04
2.587938382636684404e-04
2.587975028521148830e-04
2.588016044441521918e-04
2.588061550485602422e-04
2.588153851941352363e-04
2.588201691582167228e-04
2.589975140976561157e-04
2.590024725905502282e-04
2.590071933348289494e-04
2.590211574423807598e-04
2.590259629862103801e-04
2.590312076380544897e-04
2.590366068137353595e-04
2.590422117716314446e-04
2.590631405606086402e-04
2.590679863664703043e-04
2.590725517838057693e-04
2.590806761940916796e-04
2.590846825469194032e-04
2.590941247218701165e-04
2.591053737678518810e-04
2.591108353539269319e-04
2.591161582027626210e-04
2.591218278020761419e-04
2.591273403421753417e-04
2.591328826742032854e-04
2.591380673958541001e-04
2.591433096147391564e-04
2.591485079858648049e-04
2.591661832283389871e-04
2.591720303222131696e-04
2.591838611719330418e-04
2.591893906876402811e-04
2.591945725230180610e-04
2.591997066152468884e-04
2.592046667209106517e-04
2.592092805205047112e-04
2.592183841798651367e-04
2.592226717845837235e-04
2.592270802925094068e-04
2.592310253233616382e-04
2.592382841443663616e-04
2.592414298119520414e-04
2.592448204017716367e-04
2.592478962098984955e-04
2.592860435450704466e-04
2.592893432361487085e-04
2.592986964404071174e-04
2.593038613398011404e-04
2.593297563450214270e-04
2.593318975868657964e-04
2.593340205231228139e-04
2.593387661913183068e-04
2.593440976334590456e-04
2.593472325997876792e-04
2.593505678909825999e-04
2.593536408497706925e-04
2.593614220398057172e-04
2.593663018947056555e-04
2.593693406989409185e-04
2.593720651618585033e-04
2.593746238253834269e-04
2.593769321615456707e-04
2.593810204951205092e-04
2.593827448400499395e-04
2.595933707444329492e-04
2.595966175570149788e-04
2.595996065952117294e-04
2.596024562394031354e-04
2.596054857854528716e-04
2.596079290934144774e-04
2.596121127230512646e-04
2.596148258426934094e-04
2.596178098154121750e-04
2.596209503777110019e-04
2.596246140536431855e-04
2.596282612666082575e-04
2.596318603940586472e-04
2.596353978116376659e-04
2.596386501606422529e-04
2.596416516489872292e-04
2.596447138425501304e-04
2.596478020596348565e-04
2.596512059395787156e-04
2.597068551576575874e-04
2.597174785610504547e-04
2.597312548798176883e-04
2.597411628222753214e-04
2.597461178300533211e-04
2.597675092956458530e-04
2.597727536946470230e-04
2.597778799944892685e-04
2.597881288054916093e-04
2.597929450362058208e-04
2.597977618937935313e-04
2.598015867485395543e-04
2.598051861266642624e-04
2.598123651002641477e-04
2.598163398918586437e-04
2.598203253473763889e-04
2.598243636857020759e-04
2.598281642781515542e-04
2.598319361270610408e-04
2.598352107783758001e-04
2.598439774417284119e-04
2.598468127657679828e-04
2.598499515953665634e-04
2.598530421469274891e-04
2.598558231222030724e-04
2.598581071691158308e-04
2.598651550371840115e-04
2.598665731747863152e-04
2.598684131787865536e-04
2.598734128058389201e-04
2.598881480888681566e-04
2.598920774220290315e-04
2.598957900714893559e-04
2.598996057732035308e-04
2.599035472642437098e-04
2.599073887802375808e-04
2.599110281153373006e-04
2.599142771157678111e-04
2.599176311815552354e-04
2.599240655714621872e-04
2.599271936346778653e-04
2.599298158176033572e-04
2.599321116518221102e-04
2.599340934284283190e-04
2.599380862221814981e-04
2.599412765730521905e-04
2.599428455557297487e-04
2.599445708614659171e-04
2.599461634780054868e-04
2.599479919531084765e-04
2.599504316506557602e-04
2.599524412967662537e-04
2.599546799429509132e-04
2.599571526912307579e-04
2.599599611632455475e-04
2.599629816544642342e-04
2.599659573767448524e-04
2.599722286541132459e-04
2.600164883751256172e-04
2.600192363974814023e-04
2.600222818242673177e-04
2.600254870348089583e-04
2.600321180266663415e-04
2.600356403757988696e-04
2.600392234148124699e-04
2.600429973237684258e-04
2.600462577697667914e-04
2.600492454965682137e-04
2.600522715962162029e-04
2.600556455148777461e-04
2.600585305918348147e-04
2.600615586077943144e-04
2.601085051571420254e-04
2.601120994484544687e-04
2.601188251449468281e-04
2.601411482525155987e-04
2.601448244490053982e-04
2.601858654219174681e-04
2.601887561792709568e-04
2.601918972573472001e-04
2.601952173244815019e-04
2.601982470662618225e-04
2.602040523467183137e-04
2.602065679951058867e-04
2.602088390523282671e-04
2.602112565410645345e-04
2.602140501564290174e-04
2.602168617178146344e-04
2.602224211433750594e-04
2.602248123290293270e-04
2.602275655201413771e-04
2.602305223352297772e-04
2.602773390465423081e-04
2.602799581654133103e-04
2.602825071966747140e-04
2.602876964873489110e-04
2.602969622770976614e-04
2.603788134834843703e-04
2.603826431730966247e-04
2.603865007672799482e-04
2.603904551598354867e-04
2.603985602897345396e-04
2.604031165502188917e-04
2.604076323547272181e-04
2.604120365204386505e-04
2.604948548645125692e-04
2.604987085845150772e-04
2.605094059591412173e-04
2.605131097303437122e-04
2.605208631124477574e-04
2.605927306725273939e-04
2.605966388746167126e-04
2.606038365544742779e-04
2.606075915277666498e-04
2.606154972739027848e-04
2.606194338600753275e-04
2.606233332594345086e-04
2.606273567739440843e-04
2.607042408549003717e-04
2.607074316388719392e-04
2.607102948922805597e-04
2.607132800028998630e-04
2.607190215602418954e-04
2.607221172064572287e-04
2.607253009458075622e-04
2.607285790614503754e-04
2.607317034902536211e-04
2.607343576707620817e-04
2.608065704115342868e-04
2.608109968464719501e-04
2.608130173809048596e-04
2.608150571772222827e-04
2.608176599178979355e-04
2.608202831777440981e-04
2.608232340754493782e-04
2.609248219654202589e-04
2.609265716368982190e-04
2.609283330393682792e-04
2.609300999775280845e-04
2.609320055575045042e-04
2.609356641680637078e-04
2.609395834813098346e-04
2.609413630182050628e-04
2.609430338528750644e-04
2.610133883602787125e-04
2.610146513750988295e-04
2.610157404049257587e-04
2.610164106533683346e-04
2.610168344662313939e-04
2.610174684348102537e-04
2.610181343012847339e-04
2.610458463992494670e-04
2.610469859166563876e-04
2.610483471404242604e-04
2.610493821597650562e-04
2.610502332392143220e-04
2.610509463801855110e-04
2.610517932351740433e-04
2.610548241474685161e-04
2.610568097569779039e-04
2.612126389526705909e-04
2.612741020152554885e-04
2.612761052135289261e-04
2.612780224882817865e-04
2.612802782989434255e-04
2.612875618961340803e-04
2.612895328278600653e-04
2.612915773120623344e-04
2.614106442906356602e-04
2.614102177810280806e-04
2.614101581852173182e-04
2.614099370250847930e-04
2.614098478473301482e-04
2.614094485057768874e-04
2.614092479009812002e-04
2.614093531415661101e-04
2.613939922373610236e-04
2.613936399898818459e-04
2.613933379143614866e-04
2.613927122203483383e-04
2.613922665045568606e-04
2.613921137173785521e-04
2.613921033139668588e-04
2.613920271884801394e-04
2.613921852251050500e-04
2.613924549581797389e-04
2.613787618506799174e-04
2.613785353733790286e-04
2.613774996191118986e-04
2.613762272356019299e-04
2.613757076655245383e-04
2.613347035907276198e-04
2.613332986698419912e-04
2.613317893455153378e-04
2.613300060752235423e-04
2.613090844972355310e-04
2.613041616379543409e-04
2.613024990998095358e-04
2.612989634894557307e-04
2.612972165917153361e-04
2.612954249773261550e-04
2.612931605338944530e-04
2.612908397072135529e-04
2.612420004263060346e-04
2.612717349215340967e-04
2.612781429090114895e-04
2.612805824424370730e-04
2.612831809020993022e-04
2.612853133180896158e-04
2.612874059640976458e-04
2.613510893052786114e-04
2.613517537812269425e-04
2.613534918090141710e-04
2.613537972786867314e-04
2.613536656021558870e-04
2.615945085196874349e-04
2.615981852772743016e-04
2.616015461612975347e-04
2.616051375172648145e-04
2.616090400728707981e-04
2.616137166962742176e-04
2.616186048198859888e-04
2.616238364790434193e-04
2.617462718110850168e-04
2.617509837660172089e-04
2.619905974591201316e-04
2.619956217605006171e-04
2.620015242075486670e-04
2.620048464418401018e-04
2.620079579083605704e-04
2.620111932856123782e-04
2.622366121988619183e-04
2.622419149556224683e-04
2.622470619083423966e-04
2.622524914463074592e-04
2.622578869585772830e-04
2.622687886963169859e-04
2.623863624841106306e-04
2.623925329061906563e-04
2.623986703738699178e-04
2.624046741081790981e-04
2.624104036804526482e-04
2.624160195037192941e-04
2.624214924534389623e-04
2.624264990941335999e-04
